system:index,basin_mean_precip,basin_mean_solar_rad,basin_mean_temp_k,date,month,year,zonal_breakdown,.geo
0,0.01279065212208179,1.9376414214033017E8,255.21708752567704,2000-01,1.0,2000.0,"[{zone_id=1, sum=0.0}, {zone_id=2, sum=0.0}, {zone_id=3, sum=0.0}, {zone_id=4, sum=0.0}]","{""type"":""MultiPoint"",""coordinates"":[]}"
1,0.03175233091322101,1.6938423721462262E8,252.43301286368532,2000-02,2.0,2000.0,"[{zone_id=1, sum=0.44052025}, {zone_id=2, sum=17.10023672395833}, {zone_id=3, sum=166.7754818421421}, {zone_id=4, sum=86.56028041228032}]","{""type"":""MultiPoint"",""coordinates"":[]}"
2,0.04121372600849467,2.25095142070544E8,256.89211639610164,2000-03,3.0,2000.0,"[{zone_id=1, sum=0.749117435812123}, {zone_id=2, sum=36.57601963842793}, {zone_id=3, sum=181.41593488402327}, {zone_id=4, sum=97.42768382106348}]","{""type"":""MultiPoint"",""coordinates"":[]}"
3,0.022140811720567897,2.800019817040094E8,263.76092846828436,2000-04,4.0,2000.0,"[{zone_id=1, sum=0.052730713911866824}, {zone_id=2, sum=8.500890526023259}, {zone_id=3, sum=146.508130795449}, {zone_id=4, sum=99.18090865062393}]","{""type"":""MultiPoint"",""coordinates"":[]}"
4,0.0734029023228697,2.6508168422051883E8,270.00682930686116,2000-05,5.0,2000.0,"[{zone_id=1, sum=0.2145415832534908}, {zone_id=2, sum=4.991344384781658}, {zone_id=3, sum=124.61455946089637}, {zone_id=4, sum=95.12860829991992}]","{""type"":""MultiPoint"",""coordinates"":[]}"
5,0.16014486282676957,2.2533008928183958E8,273.55446130844524,2000-06,6.0,2000.0,"[{zone_id=1, sum=0.4020046331801471}, {zone_id=2, sum=3.765595396381561}, {zone_id=3, sum=72.71733121454523}, {zone_id=4, sum=83.8914870605469}]","{""type"":""MultiPoint"",""coordinates"":[]}"
6,0.2213784353656123,2.076281986426887E8,274.3042151129349,2000-07,7.0,2000.0,"[{zone_id=1, sum=0.4403282890625}, {zone_id=2, sum=7.651306960973849}, {zone_id=3, sum=100.67530292582708}, {zone_id=4, sum=90.32766215307053}]","{""type"":""MultiPoint"",""coordinates"":[]}"
7,0.1974250967345896,1.9418746885141513E8,274.2335800318719,2000-08,8.0,2000.0,"[{zone_id=1, sum=0.0}, {zone_id=2, sum=8.62975671366421}, {zone_id=3, sum=127.5144108307291}, {zone_id=4, sum=95.84927436882309}]","{""type"":""MultiPoint"",""coordinates"":[]}"
8,0.12801616383791536,1.774667681314628E8,270.2878321381734,2000-09,9.0,2000.0,"[{zone_id=1, sum=1.6700397983203457}, {zone_id=2, sum=6.6491653114790985}, {zone_id=3, sum=108.1720579589381}, {zone_id=4, sum=95.86012350652567}]","{""type"":""MultiPoint"",""coordinates"":[]}"
9,0.01874419147917007,2.4272755540140864E8,267.8527592310535,2000-10,10.0,2000.0,"[{zone_id=1, sum=0.0}, {zone_id=2, sum=1.5019332410188773}, {zone_id=3, sum=112.37229176987978}, {zone_id=4, sum=101.0189980575069}]","{""type"":""MultiPoint"",""coordinates"":[]}"
10,0.012102275958895011,2.0893804809669814E8,263.53044431954305,2000-11,11.0,2000.0,"[{zone_id=1, sum=0.0}, {zone_id=2, sum=1.7317696099196536}, {zone_id=3, sum=101.89581874020456}, {zone_id=4, sum=101.26422860870787}]","{""type"":""MultiPoint"",""coordinates"":[]}"
11,0.03274671136953759,2.026542304351415E8,261.6632582737432,2000-12,12.0,2000.0,"[{zone_id=1, sum=0.06005657348686002}, {zone_id=2, sum=1.9077911045098581}, {zone_id=3, sum=93.61402891429056}, {zone_id=4, sum=98.41854934722369}]","{""type"":""MultiPoint"",""coordinates"":[]}"
12,0.009363232177907509,1.1566523026886791E8,255.32070126633153,2001-01,1.0,2001.0,"[{zone_id=1, sum=0.0}, {zone_id=2, sum=22.11108859555267}, {zone_id=3, sum=146.2901096615581}, {zone_id=4, sum=97.59587746592254}]","{""type"":""MultiPoint"",""coordinates"":[]}"
13,0.026497832478366904,1.9467509808136794E8,257.757018054592,2001-02,2.0,2001.0,"[{zone_id=1, sum=0.40477866830754616}, {zone_id=2, sum=20.383419533986395}, {zone_id=3, sum=134.93587714172907}, {zone_id=4, sum=95.33229019920483}]","{""type"":""MultiPoint"",""coordinates"":[]}"
14,0.025673897283388144,2.8584286510809207E8,258.2118931110743,2001-03,3.0,2001.0,"[{zone_id=1, sum=0.10438044227351101}, {zone_id=2, sum=12.654005373587774}, {zone_id=3, sum=137.8444183098148}, {zone_id=4, sum=96.35702194009842}]","{""type"":""MultiPoint"",""coordinates"":[]}"
15,0.04129049947408569,2.9285321973938674E8,262.4831070993931,2001-04,4.0,2001.0,"[{zone_id=1, sum=0.20135253080161342}, {zone_id=2, sum=19.898122105200837}, {zone_id=3, sum=168.1857697612162}, {zone_id=4, sum=100.5041960973756}]","{""type"":""MultiPoint"",""coordinates"":[]}"
16,0.08441588212586221,2.6482258158254713E8,269.3677860564938,2001-05,5.0,2001.0,"[{zone_id=1, sum=0.0}, {zone_id=2, sum=3.57726704532773}, {zone_id=3, sum=111.73369014363313}, {zone_id=4, sum=94.96921148342122}]","{""type"":""MultiPoint"",""coordinates"":[]}"
17,0.12841191164208882,2.4153621180306605E8,273.06404092496797,2001-06,6.0,2001.0,"[{zone_id=1, sum=0.0}, {zone_id=2, sum=0.6802152079675098}, {zone_id=3, sum=71.23170335724878}, {zone_id=4, sum=82.92159659608984}]","{""type"":""MultiPoint"",""coordinates"":[]}"
18,0.2051072020061117,2.2451537957783014E8,274.57543809604005,2001-07,7.0,2001.0,"[{zone_id=1, sum=0.0}, {zone_id=2, sum=3.314157841964975}, {zone_id=3, sum=77.18873980739379}, {zone_id=4, sum=88.34532361970113}]","{""type"":""MultiPoint"",""coordinates"":[]}"
19,0.19252105668926078,1.977248160990566E8,273.8328422187283,2001-08,8.0,2001.0,"[{zone_id=1, sum=0.0}, {zone_id=2, sum=14.824019179949538}, {zone_id=3, sum=114.536120145947}, {zone_id=4, sum=91.62170568294407}]","{""type"":""MultiPoint"",""coordinates"":[]}"
20,0.08917264677944141,2.1616009501886794E8,272.08251901142756,2001-09,9.0,2001.0,"[{zone_id=1, sum=0.020476802702205886}, {zone_id=2, sum=3.8561682738870138}, {zone_id=3, sum=95.85900835404166}, {zone_id=4, sum=92.53872069412148}]","{""type"":""MultiPoint"",""coordinates"":[]}"
21,0.05275699687903411,2.0373615569582373E8,266.55389807088346,2001-10,10.0,2001.0,"[{zone_id=1, sum=0.009578078804347825}, {zone_id=2, sum=19.56385502090564}, {zone_id=3, sum=160.3321609114604}, {zone_id=4, sum=102.42373305563547}]","{""type"":""MultiPoint"",""coordinates"":[]}"
22,0.008575123310405114,2.09447449610849E8,264.18061519878705,2001-11,11.0,2001.0,"[{zone_id=1, sum=0.0}, {zone_id=2, sum=2.38111878702194}, {zone_id=3, sum=114.87358720633273}, {zone_id=4, sum=101.85560795527184}]","{""type"":""MultiPoint"",""coordinates"":[]}"
23,0.008392156247845606,2.0475753212499997E8,260.00019879417556,2001-12,12.0,2001.0,"[{zone_id=1, sum=0.010014256392045454}, {zone_id=2, sum=1.8301394906751562}, {zone_id=3, sum=96.1247397171014}, {zone_id=4, sum=99.14393297168715}]","{""type"":""MultiPoint"",""coordinates"":[]}"
24,0.05898903972389504,1.4234542908018866E8,254.57093838935302,2002-01,1.0,2002.0,"[{zone_id=1, sum=5.187125800005921}, {zone_id=2, sum=67.4291162129011}, {zone_id=3, sum=191.29787490160697}, {zone_id=4, sum=99.97486092571134}]","{""type"":""MultiPoint"",""coordinates"":[]}"
25,0.03367780597492014,1.043651694587264E8,255.08060119008545,2002-02,2.0,2002.0,"[{zone_id=1, sum=1.7164913204103116}, {zone_id=2, sum=82.60184001692033}, {zone_id=3, sum=244.38447660313005}, {zone_id=4, sum=99.50995096542593}]","{""type"":""MultiPoint"",""coordinates"":[]}"
26,0.0189843283129633,1.6414707866805166E8,258.5518124677705,2002-03,3.0,2002.0,"[{zone_id=1, sum=1.280912832752764}, {zone_id=2, sum=70.61013211514319}, {zone_id=3, sum=278.0536462144003}, {zone_id=4, sum=99.23886334919393}]","{""type"":""MultiPoint"",""coordinates"":[]}"
27,0.041119140515517266,2.5377479273466974E8,264.4577563035913,2002-04,4.0,2002.0,"[{zone_id=1, sum=0.43345352363794326}, {zone_id=2, sum=39.01130460559006}, {zone_id=3, sum=232.48057195768163}, {zone_id=4, sum=103.06408966722779}]","{""type"":""MultiPoint"",""coordinates"":[]}"
28,0.08576448404001959,2.5138119573113215E8,268.0324088054246,2002-05,5.0,2002.0,"[{zone_id=1, sum=0.0}, {zone_id=2, sum=5.836793077662938}, {zone_id=3, sum=130.89411370076894}, {zone_id=4, sum=95.6959744970797}]","{""type"":""MultiPoint"",""coordinates"":[]}"
29,0.10534593218142271,2.554773395860849E8,273.0127685186998,2002-06,6.0,2002.0,"[{zone_id=1, sum=0.0}, {zone_id=2, sum=2.160412403436159}, {zone_id=3, sum=76.0775571844355}, {zone_id=4, sum=89.58023183583671}]","{""type"":""MultiPoint"",""coordinates"":[]}"
30,0.26481860099423393,1.8473631425353774E8,274.31217721539355,2002-07,7.0,2002.0,"[{zone_id=1, sum=0.09796772807904412}, {zone_id=2, sum=5.996287565419817}, {zone_id=3, sum=69.07424104780158}, {zone_id=4, sum=80.40425022793393}]","{""type"":""MultiPoint"",""coordinates"":[]}"
31,0.16390287295122258,2.1062471326533017E8,273.893896805633,2002-08,8.0,2002.0,"[{zone_id=1, sum=0.16636500833333334}, {zone_id=2, sum=5.431142326655613}, {zone_id=3, sum=113.02826948904804}, {zone_id=4, sum=89.33865280031019}]","{""type"":""MultiPoint"",""coordinates"":[]}"
32,0.15762447406240612,2.0109852312426302E8,270.82161065747397,2002-09,9.0,2002.0,"[{zone_id=1, sum=0.0}, {zone_id=2, sum=5.065110880928296}, {zone_id=3, sum=104.87552240519975}, {zone_id=4, sum=90.92652257570161}]","{""type"":""MultiPoint"",""coordinates"":[]}"
33,0.02976442845026785,2.276926561770618E8,265.4575499211297,2002-10,10.0,2002.0,"[{zone_id=1, sum=0.01001466122159091}, {zone_id=2, sum=8.593656222860725}, {zone_id=3, sum=157.2285511177069}, {zone_id=4, sum=103.4502233712991}]","{""type"":""MultiPoint"",""coordinates"":[]}"
34,0.009042280482718051,2.0797515506132078E8,263.01035732333264,2002-11,11.0,2002.0,"[{zone_id=1, sum=0.0}, {zone_id=2, sum=7.478429171887705}, {zone_id=3, sum=136.21583376029454}, {zone_id=4, sum=102.2333193266669}]","{""type"":""MultiPoint"",""coordinates"":[]}"
35,0.03097539631396394,1.9745479074528304E8,259.958337548539,2002-12,12.0,2002.0,"[{zone_id=1, sum=0.0}, {zone_id=2, sum=2.2894954702332733}, {zone_id=3, sum=111.4931697104112}, {zone_id=4, sum=100.74710587734666}]","{""type"":""MultiPoint"",""coordinates"":[]}"
36,0.0296347205176037,1.1714709767099056E8,255.73787000489347,2003-01,1.0,2003.0,"[{zone_id=1, sum=0.7512618321793276}, {zone_id=2, sum=19.58727679817057}, {zone_id=3, sum=145.69108217558446}, {zone_id=4, sum=98.98899451254337}]","{""type"":""MultiPoint"",""coordinates"":[]}"
37,0.05629207114626231,9.992147924174526E7,253.5377514767197,2003-02,2.0,2003.0,"[{zone_id=1, sum=7.751195949216507}, {zone_id=2, sum=121.23109897637757}, {zone_id=3, sum=310.98154318518493}, {zone_id=4, sum=95.43876333465955}]","{""type"":""MultiPoint"",""coordinates"":[]}"
38,0.011277574672211096,1.70888400579447E8,258.2750348787468,2003-03,3.0,2003.0,"[{zone_id=1, sum=1.6182747039917456}, {zone_id=2, sum=82.73835103815732}, {zone_id=3, sum=283.7069899661207}, {zone_id=4, sum=101.16000460921737}]","{""type"":""MultiPoint"",""coordinates"":[]}"
39,0.02342753851200024,2.810481442334905E8,264.70946931219197,2003-04,4.0,2003.0,"[{zone_id=1, sum=0.03251681956845238}, {zone_id=2, sum=21.37874084763907}, {zone_id=3, sum=206.0641384074314}, {zone_id=4, sum=102.83013644400211}]","{""type"":""MultiPoint"",""coordinates"":[]}"
40,0.03497762018416488,3.4335976193750006E8,267.9229017943779,2003-05,5.0,2003.0,"[{zone_id=1, sum=0.0}, {zone_id=2, sum=4.3697143758335235}, {zone_id=3, sum=122.06076263228177}, {zone_id=4, sum=99.97009464111204}]","{""type"":""MultiPoint"",""coordinates"":[]}"
41,0.1625983223007829,2.1915712303537732E8,272.90735898727644,2003-06,6.0,2003.0,"[{zone_id=1, sum=0.0}, {zone_id=2, sum=1.6019283809906235}, {zone_id=3, sum=68.02896551240721}, {zone_id=4, sum=83.50133551368526}]","{""type"":""MultiPoint"",""coordinates"":[]}"
42,0.21422689356228186,1.893465077747641E8,273.9596673068083,2003-07,7.0,2003.0,"[{zone_id=1, sum=0.0}, {zone_id=2, sum=1.7325823792403607}, {zone_id=3, sum=69.26902766891212}, {zone_id=4, sum=83.48063537983273}]","{""type"":""MultiPoint"",""coordinates"":[]}"
43,0.17663298509429884,2.087869765589622E8,274.3490823152511,2003-08,8.0,2003.0,"[{zone_id=1, sum=0.0}, {zone_id=2, sum=0.5798237869970205}, {zone_id=3, sum=61.0731810398038}, {zone_id=4, sum=83.11967094928465}]","{""type"":""MultiPoint"",""coordinates"":[]}"
44,0.1250510162754945,1.958565623251769E8,272.76988906140593,2003-09,9.0,2003.0,"[{zone_id=1, sum=0.0}, {zone_id=2, sum=3.548367128253928}, {zone_id=3, sum=88.62747267755506}, {zone_id=4, sum=90.31020049386808}]","{""type"":""MultiPoint"",""coordinates"":[]}"
45,0.08691950448627705,1.8658808876105854E8,265.9119820915001,2003-10,10.0,2003.0,"[{zone_id=1, sum=0.48897965596652687}, {zone_id=2, sum=21.02778428106305}, {zone_id=3, sum=166.23115904312428}, {zone_id=4, sum=102.84506401662955}]","{""type"":""MultiPoint"",""coordinates"":[]}"
46,0.005523371180040094,1.724354593785377E8,260.4111549369444,2003-11,11.0,2003.0,"[{zone_id=1, sum=0.008812545625}, {zone_id=2, sum=10.11369790510333}, {zone_id=3, sum=159.48742243099846}, {zone_id=4, sum=102.09051744503392}]","{""type"":""MultiPoint"",""coordinates"":[]}"
47,0.02725171758240704,1.6739985264740562E8,257.6401554613816,2003-12,12.0,2003.0,"[{zone_id=1, sum=4.568036805163813}, {zone_id=2, sum=22.959877556247072}, {zone_id=3, sum=122.78413949539757}, {zone_id=4, sum=99.47122613844829}]","{""type"":""MultiPoint"",""coordinates"":[]}"
48,0.028197953200166055,1.0813693903655662E8,253.96400071854373,2004-01,1.0,2004.0,"[{zone_id=1, sum=6.109614591781737}, {zone_id=2, sum=60.326243914188524}, {zone_id=3, sum=179.19710251210148}, {zone_id=4, sum=98.30600505257985}]","{""type"":""MultiPoint"",""coordinates"":[]}"
49,0.005292104142511238,1.5794119747287735E8,256.06008148234724,2004-02,2.0,2004.0,"[{zone_id=1, sum=1.2281426234033148}, {zone_id=2, sum=33.43869737375252}, {zone_id=3, sum=160.6174144081475}, {zone_id=4, sum=99.354225487366}]","{""type"":""MultiPoint"",""coordinates"":[]}"
50,0.01552360231413147,2.796207963738147E8,262.9503956734953,2004-03,3.0,2004.0,"[{zone_id=1, sum=0.0}, {zone_id=2, sum=1.8031628519161722}, {zone_id=3, sum=96.40382582248674}, {zone_id=4, sum=96.82244519404867}]","{""type"":""MultiPoint"",""coordinates"":[]}"
51,0.051038958265093845,2.738454868820754E8,265.5672524486198,2004-04,4.0,2004.0,"[{zone_id=1, sum=0.0316277811698718}, {zone_id=2, sum=9.092287852696753}, {zone_id=3, sum=138.83107031707715}, {zone_id=4, sum=100.96971446898982}]","{""type"":""MultiPoint"",""coordinates"":[]}"
52,0.08933000724425035,2.723649312004717E8,269.65472812849936,2004-05,5.0,2004.0,"[{zone_id=1, sum=0.02001715625}, {zone_id=2, sum=4.878615591937036}, {zone_id=3, sum=105.3200314514555}, {zone_id=4, sum=94.99231454911015}]","{""type"":""MultiPoint"",""coordinates"":[]}"
53,0.13039564217410998,2.3602239154952824E8,272.62695458290204,2004-06,6.0,2004.0,"[{zone_id=1, sum=0.0}, {zone_id=2, sum=3.5111818682430203}, {zone_id=3, sum=63.53135388962889}, {zone_id=4, sum=85.05235922160553}]","{""type"":""MultiPoint"",""coordinates"":[]}"
54,0.2817833896866377,1.682845848337264E8,273.24461608262936,2004-07,7.0,2004.0,"[{zone_id=1, sum=0.0}, {zone_id=2, sum=10.4949130823412}, {zone_id=3, sum=91.42090960032093}, {zone_id=4, sum=86.0381597343585}]","{""type"":""MultiPoint"",""coordinates"":[]}"
55,0.15390395171919216,2.217348935884434E8,274.1388507617804,2004-08,8.0,2004.0,"[{zone_id=1, sum=0.47626742653094983}, {zone_id=2, sum=7.399682392647767}, {zone_id=3, sum=93.93938798754213}, {zone_id=4, sum=92.89221037507424}]","{""type"":""MultiPoint"",""coordinates"":[]}"
56,0.09597964126081304,2.0552765164718452E8,272.58654853692843,2004-09,9.0,2004.0,"[{zone_id=1, sum=0.06938454365556318}, {zone_id=2, sum=4.618586448987005}, {zone_id=3, sum=88.92386773459506}, {zone_id=4, sum=92.24855683373151}]","{""type"":""MultiPoint"",""coordinates"":[]}"
57,0.04944381577353877,2.1168167020562023E8,263.8435719544807,2004-10,10.0,2004.0,"[{zone_id=1, sum=0.04347683191884709}, {zone_id=2, sum=12.541551816343727}, {zone_id=3, sum=128.88995955477978}, {zone_id=4, sum=99.27886170471703}]","{""type"":""MultiPoint"",""coordinates"":[]}"
58,0.012342619023616259,2.0263690216273585E8,260.3361082792782,2004-11,11.0,2004.0,"[{zone_id=1, sum=0.12635593617756247}, {zone_id=2, sum=11.652660511862118}, {zone_id=3, sum=134.69829685788955}, {zone_id=4, sum=102.4084699119282}]","{""type"":""MultiPoint"",""coordinates"":[]}"
59,0.009972541514953694,1.997897538997641E8,261.5162414675384,2004-12,12.0,2004.0,"[{zone_id=1, sum=0.023831685718201753}, {zone_id=2, sum=4.464855209081807}, {zone_id=3, sum=110.78294939178913}, {zone_id=4, sum=100.72878474302979}]","{""type"":""MultiPoint"",""coordinates"":[]}"
60,0.07397130486342247,1.416076032759434E8,254.90952498648224,2005-01,1.0,2005.0,"[{zone_id=1, sum=1.3925512074694353}, {zone_id=2, sum=32.95820993551318}, {zone_id=3, sum=144.4392450182123}, {zone_id=4, sum=98.06624980156036}]","{""type"":""MultiPoint"",""coordinates"":[]}"
61,0.03273223498284367,1.0105463830896226E8,254.37886608086083,2005-02,2.0,2005.0,"[{zone_id=1, sum=1.3137322699942322}, {zone_id=2, sum=72.81638680707047}, {zone_id=3, sum=253.47280508768355}, {zone_id=4, sum=92.45533525309122}]","{""type"":""MultiPoint"",""coordinates"":[]}"
62,0.02309046987261722,1.5221051924179134E8,258.66444384086736,2005-03,3.0,2005.0,"[{zone_id=1, sum=0.8316258684961746}, {zone_id=2, sum=40.15379274214409}, {zone_id=3, sum=218.48362139922642}, {zone_id=4, sum=102.63592000796982}]","{""type"":""MultiPoint"",""coordinates"":[]}"
63,0.02600121784228877,2.4449950927358487E8,262.4940847488819,2005-04,4.0,2005.0,"[{zone_id=1, sum=0.0}, {zone_id=2, sum=9.229404976770264}, {zone_id=3, sum=140.22021655347493}, {zone_id=4, sum=99.10560186225676}]","{""type"":""MultiPoint"",""coordinates"":[]}"
64,0.0285726594016112,3.338534129257075E8,267.35562327348765,2005-05,5.0,2005.0,"[{zone_id=1, sum=0.016943772836538463}, {zone_id=2, sum=6.480584827597411}, {zone_id=3, sum=116.8735567551859}, {zone_id=4, sum=99.46347567421964}]","{""type"":""MultiPoint"",""coordinates"":[]}"
65,0.08536078373742705,2.676868428726415E8,273.22439158297686,2005-06,6.0,2005.0,"[{zone_id=1, sum=0.0}, {zone_id=2, sum=0.1529650812289726}, {zone_id=3, sum=55.881874409937524}, {zone_id=4, sum=87.33748830266003}]","{""type"":""MultiPoint"",""coordinates"":[]}"
66,0.17820698615604624,2.192450283101415E8,274.20177878876876,2005-07,7.0,2005.0,"[{zone_id=1, sum=0.0}, {zone_id=2, sum=4.075542397560698}, {zone_id=3, sum=71.36385611332597}, {zone_id=4, sum=84.44470054976642}]","{""type"":""MultiPoint"",""coordinates"":[]}"
67,0.22016466557923517,1.929984301426887E8,274.22831918976084,2005-08,8.0,2005.0,"[{zone_id=1, sum=0.0}, {zone_id=2, sum=2.1766666640873726}, {zone_id=3, sum=68.92820183502532}, {zone_id=4, sum=83.74557459249621}]","{""type"":""MultiPoint"",""coordinates"":[]}"
68,0.08611928466526546,2.1423068173555428E8,272.5692192021656,2005-09,9.0,2005.0,"[{zone_id=1, sum=0.0}, {zone_id=2, sum=0.16934275191867465}, {zone_id=3, sum=66.6745841973885}, {zone_id=4, sum=92.19389184012063}]","{""type"":""MultiPoint"",""coordinates"":[]}"
69,0.03698227535129863,2.2006207338027894E8,266.5103420714961,2005-10,10.0,2005.0,"[{zone_id=1, sum=0.009177876953125}, {zone_id=2, sum=7.687767531247459}, {zone_id=3, sum=109.796528401713}, {zone_id=4, sum=99.32708976931326}]","{""type"":""MultiPoint"",""coordinates"":[]}"
70,0.0043576949812899664,2.2499465354599053E8,261.5324667712677,2005-11,11.0,2005.0,"[{zone_id=1, sum=0.0}, {zone_id=2, sum=1.2085206380820268}, {zone_id=3, sum=87.86947849762258}, {zone_id=4, sum=99.21428473380556}]","{""type"":""MultiPoint"",""coordinates"":[]}"
71,0.00976287575376911,2.067949630389151E8,259.5669585816346,2005-12,12.0,2005.0,"[{zone_id=1, sum=0.1035685640464628}, {zone_id=2, sum=0.40079941135770925}, {zone_id=3, sum=74.08161731171859}, {zone_id=4, sum=95.28298982883177}]","{""type"":""MultiPoint"",""coordinates"":[]}"
72,0.007099703700800359,2.1985134546226415E8,260.3169970002564,2006-01,1.0,2006.0,"[{zone_id=1, sum=0.0}, {zone_id=2, sum=0.4459934329853345}, {zone_id=3, sum=71.0733652448922}, {zone_id=4, sum=92.23319923120289}]","{""type"":""MultiPoint"",""coordinates"":[]}"
73,0.011155523775296647,2.2183285577830186E8,262.68550033860663,2006-02,2.0,2006.0,"[{zone_id=1, sum=0.0}, {zone_id=2, sum=0.8340068041781119}, {zone_id=3, sum=78.59502126381902}, {zone_id=4, sum=93.8001077357017}]","{""type"":""MultiPoint"",""coordinates"":[]}"
74,0.06745171956756077,1.820840864642127E8,258.36162466798737,2006-03,3.0,2006.0,"[{zone_id=1, sum=5.161493134400753}, {zone_id=2, sum=98.89099223709876}, {zone_id=3, sum=260.3448069403242}, {zone_id=4, sum=97.85205117065524}]","{""type"":""MultiPoint"",""coordinates"":[]}"
75,0.04167184685357403,2.0911343187735853E8,262.01788214037754,2006-04,4.0,2006.0,"[{zone_id=1, sum=2.5753768440871174}, {zone_id=2, sum=57.59044200167213}, {zone_id=3, sum=268.1183741593782}, {zone_id=4, sum=102.21358186221059}]","{""type"":""MultiPoint"",""coordinates"":[]}"
76,0.07297911670423614,2.710592451768868E8,269.3395170013279,2006-05,5.0,2006.0,"[{zone_id=1, sum=0.06408013366477272}, {zone_id=2, sum=12.570220532634425}, {zone_id=3, sum=142.95309839885346}, {zone_id=4, sum=97.30063240848649}]","{""type"":""MultiPoint"",""coordinates"":[]}"
77,0.1281401488411094,2.4626574101415095E8,272.98036838227597,2006-06,6.0,2006.0,"[{zone_id=1, sum=0.0}, {zone_id=2, sum=1.8368383831329}, {zone_id=3, sum=71.69312564823596}, {zone_id=4, sum=86.89451347567989}]","{""type"":""MultiPoint"",""coordinates"":[]}"
78,0.18256751525477033,2.2172561269575468E8,274.94585533397486,2006-07,7.0,2006.0,"[{zone_id=1, sum=0.09825598025210083}, {zone_id=2, sum=0.7615360605673305}, {zone_id=3, sum=49.907498961037255}, {zone_id=4, sum=83.24695110674911}]","{""type"":""MultiPoint"",""coordinates"":[]}"
79,0.14520891878276804,2.3217678578419814E8,273.66959243073234,2006-08,8.0,2006.0,"[{zone_id=1, sum=0.11174986588541666}, {zone_id=2, sum=7.147519513023797}, {zone_id=3, sum=88.28951858893139}, {zone_id=4, sum=88.15287953801086}]","{""type"":""MultiPoint"",""coordinates"":[]}"
80,0.14136501861744905,1.8951984074240857E8,271.7999322531358,2006-09,9.0,2006.0,"[{zone_id=1, sum=0.030708786733774036}, {zone_id=2, sum=18.22246114049503}, {zone_id=3, sum=137.5991384113286}, {zone_id=4, sum=93.62200421914864}]","{""type"":""MultiPoint"",""coordinates"":[]}"
81,0.028106318387725104,2.300476532697846E8,265.4035774361751,2006-10,10.0,2006.0,"[{zone_id=1, sum=0.3678085282082598}, {zone_id=2, sum=18.181271317692353}, {zone_id=3, sum=153.0059310992009}, {zone_id=4, sum=101.99886155445273}]","{""type"":""MultiPoint"",""coordinates"":[]}"
82,0.011209366061323013,2.0657558623702827E8,261.3589627331907,2006-11,11.0,2006.0,"[{zone_id=1, sum=0.011014790625}, {zone_id=2, sum=12.882871399249604}, {zone_id=3, sum=147.90095642518148}, {zone_id=4, sum=102.7331036075008}]","{""type"":""MultiPoint"",""coordinates"":[]}"
83,0.01760901487768011,1.7240751945400938E8,259.7455546525555,2006-12,12.0,2006.0,"[{zone_id=1, sum=0.4339992714602717}, {zone_id=2, sum=10.577169820654404}, {zone_id=3, sum=118.3905951377178}, {zone_id=4, sum=100.94936024387687}]","{""type"":""MultiPoint"",""coordinates"":[]}"
84,0.008377114001735396,2.1703492314386785E8,258.8149865398689,2007-01,1.0,2007.0,"[{zone_id=1, sum=0.0}, {zone_id=2, sum=1.7088795149898268}, {zone_id=3, sum=92.88169517810542}, {zone_id=4, sum=96.50281905864233}]","{""type"":""MultiPoint"",""coordinates"":[]}"
85,0.05385698722963659,1.3118423752122644E8,255.24566706128735,2007-02,2.0,2007.0,"[{zone_id=1, sum=19.031895818931172}, {zone_id=2, sum=145.37473984042805}, {zone_id=3, sum=294.65710550746843}, {zone_id=4, sum=99.42603296537433}]","{""type"":""MultiPoint"",""coordinates"":[]}"
86,0.030485403230237157,1.4388818964097047E8,258.7201144523566,2007-03,3.0,2007.0,"[{zone_id=1, sum=4.429805633859406}, {zone_id=2, sum=108.73229855222077}, {zone_id=3, sum=273.24221807188013}, {zone_id=4, sum=100.1592161245297}]","{""type"":""MultiPoint"",""coordinates"":[]}"
87,0.02710018296611982,2.82202819125E8,265.3219411722019,2007-04,4.0,2007.0,"[{zone_id=1, sum=0.0}, {zone_id=2, sum=5.219453602924917}, {zone_id=3, sum=118.24659871258991}, {zone_id=4, sum=98.30831661820719}]","{""type"":""MultiPoint"",""coordinates"":[]}"
88,0.06665138379247122,2.920984167535377E8,269.8466184905925,2007-05,5.0,2007.0,"[{zone_id=1, sum=0.0}, {zone_id=2, sum=1.9420746723370188}, {zone_id=3, sum=89.87922253835794}, {zone_id=4, sum=96.72311352352153}]","{""type"":""MultiPoint"",""coordinates"":[]}"
89,0.09956793283827621,2.595605736415094E8,273.5316205446575,2007-06,6.0,2007.0,"[{zone_id=1, sum=0.0}, {zone_id=2, sum=0.5240474160376049}, {zone_id=3, sum=58.131951998953326}, {zone_id=4, sum=88.24015732131623}]","{""type"":""MultiPoint"",""coordinates"":[]}"
90,0.2795212780777518,1.636958462912736E8,274.08037028483915,2007-07,7.0,2007.0,"[{zone_id=1, sum=0.0}, {zone_id=2, sum=2.431562648289901}, {zone_id=3, sum=60.40455522513808}, {zone_id=4, sum=82.49199955416692}]","{""type"":""MultiPoint"",""coordinates"":[]}"
91,0.19859749976818358,1.9073981945990565E8,273.90990586724865,2007-08,8.0,2007.0,"[{zone_id=1, sum=0.0}, {zone_id=2, sum=4.935695461870237}, {zone_id=3, sum=82.33543647744216}, {zone_id=4, sum=87.06952917771163}]","{""type"":""MultiPoint"",""coordinates"":[]}"
92,0.16491130820922667,1.7089079946609667E8,272.4084136646998,2007-09,9.0,2007.0,"[{zone_id=1, sum=0.4211844150593049}, {zone_id=2, sum=12.252371780580996}, {zone_id=3, sum=113.01030626851885}, {zone_id=4, sum=92.73817867408789}]","{""type"":""MultiPoint"",""coordinates"":[]}"
93,0.02175343309764793,2.3448644808586225E8,268.769792575337,2007-10,10.0,2007.0,"[{zone_id=1, sum=0.0}, {zone_id=2, sum=6.264004059873303}, {zone_id=3, sum=137.91047167196808}, {zone_id=4, sum=100.00335743430577}]","{""type"":""MultiPoint"",""coordinates"":[]}"
94,0.01065347622898438,2.0359211744457552E8,263.65229963786453,2007-11,11.0,2007.0,"[{zone_id=1, sum=0.036712623046875004}, {zone_id=2, sum=11.039703605761156}, {zone_id=3, sum=114.14208982635463}, {zone_id=4, sum=100.64425085778623}]","{""type"":""MultiPoint"",""coordinates"":[]}"
95,0.01106111582369492,2.0211340274528295E8,260.7934019038826,2007-12,12.0,2007.0,"[{zone_id=1, sum=0.0}, {zone_id=2, sum=6.59573302638231}, {zone_id=3, sum=101.60204038487157}, {zone_id=4, sum=98.66860736396342}]","{""type"":""MultiPoint"",""coordinates"":[]}"
96,0.04225584585221001,1.6825786168867925E8,255.63829742210294,2008-01,1.0,2008.0,"[{zone_id=1, sum=0.37453836361937304}, {zone_id=2, sum=14.390386794799673}, {zone_id=3, sum=102.67318844386833}, {zone_id=4, sum=93.0803336883296}]","{""type"":""MultiPoint"",""coordinates"":[]}"
97,0.011164079135939428,1.6077141479716983E8,255.3842402573806,2008-02,2.0,2008.0,"[{zone_id=1, sum=0.6360223743524489}, {zone_id=2, sum=9.886819820294903}, {zone_id=3, sum=101.88331987137948}, {zone_id=4, sum=94.97837738362315}]","{""type"":""MultiPoint"",""coordinates"":[]}"
98,0.0177026125520945,2.909936808174458E8,261.36741504951675,2008-03,3.0,2008.0,"[{zone_id=1, sum=0.009177876953125}, {zone_id=2, sum=3.48480094873148}, {zone_id=3, sum=96.20091775524986}, {zone_id=4, sum=95.60033569192123}]","{""type"":""MultiPoint"",""coordinates"":[]}"
99,0.033843790772743666,3.03169876571934E8,264.89319313417184,2008-04,4.0,2008.0,"[{zone_id=1, sum=0.348215668384404}, {zone_id=2, sum=13.503327491421254}, {zone_id=3, sum=116.20339509804928}, {zone_id=4, sum=98.24562208810386}]","{""type"":""MultiPoint"",""coordinates"":[]}"
100,0.06527666820373017,2.924960261933962E8,269.3717276406206,2008-05,5.0,2008.0,"[{zone_id=1, sum=0.0}, {zone_id=2, sum=1.118442092635191}, {zone_id=3, sum=65.51399850763956}, {zone_id=4, sum=89.55070630033472}]","{""type"":""MultiPoint"",""coordinates"":[]}"
101,0.1670214218543131,2.2147685658608493E8,273.8665894346417,2008-06,6.0,2008.0,"[{zone_id=1, sum=0.0}, {zone_id=2, sum=5.821576053996167}, {zone_id=3, sum=77.0942824320236}, {zone_id=4, sum=84.07981085496469}]","{""type"":""MultiPoint"",""coordinates"":[]}"
102,0.2984830583277363,1.7427370636792448E8,273.67764077793146,2008-07,7.0,2008.0,"[{zone_id=1, sum=0.5275314701636905}, {zone_id=2, sum=11.782746534334912}, {zone_id=3, sum=84.92080198785669}, {zone_id=4, sum=89.92800833782849}]","{""type"":""MultiPoint"",""coordinates"":[]}"
103,0.17964839918983624,1.912336466580189E8,274.1130045822896,2008-08,8.0,2008.0,"[{zone_id=1, sum=0.0}, {zone_id=2, sum=6.138574402624979}, {zone_id=3, sum=108.97912466771638}, {zone_id=4, sum=95.38419251187763}]","{""type"":""MultiPoint"",""coordinates"":[]}"
104,0.09397845811107425,2.1951308081278104E8,271.8032787239026,2008-09,9.0,2008.0,"[{zone_id=1, sum=0.5744225836739815}, {zone_id=2, sum=2.336930764919557}, {zone_id=3, sum=84.42452958830582}, {zone_id=4, sum=87.45171924518161}]","{""type"":""MultiPoint"",""coordinates"":[]}"
105,0.01960803763630851,2.3928597984715214E8,266.3372457979852,2008-10,10.0,2008.0,"[{zone_id=1, sum=0.0}, {zone_id=2, sum=2.2443368260865335}, {zone_id=3, sum=111.59119885620058}, {zone_id=4, sum=99.62995005924137}]","{""type"":""MultiPoint"",""coordinates"":[]}"
106,0.007415725782564662,2.1306073887028298E8,265.35009305142256,2008-11,11.0,2008.0,"[{zone_id=1, sum=0.009179735026041667}, {zone_id=2, sum=1.4513357041815964}, {zone_id=3, sum=103.72878229132537}, {zone_id=4, sum=100.88992672228804}]","{""type"":""MultiPoint"",""coordinates"":[]}"
107,0.0051302489283036965,2.0442266918632078E8,263.101836296046,2008-12,12.0,2008.0,"[{zone_id=1, sum=0.0}, {zone_id=2, sum=1.921235543055674}, {zone_id=3, sum=98.03877371946666}, {zone_id=4, sum=99.341958687437}]","{""type"":""MultiPoint"",""coordinates"":[]}"
108,0.004907934614240121,2.2332159756367925E8,260.7382567210864,2009-01,1.0,2009.0,"[{zone_id=1, sum=0.0}, {zone_id=2, sum=1.0369271309208477}, {zone_id=3, sum=85.00379780883269}, {zone_id=4, sum=96.19356076108048}]","{""type"":""MultiPoint"",""coordinates"":[]}"
109,0.012800008753353525,2.319923502110849E8,259.9514361473214,2009-02,2.0,2009.0,"[{zone_id=1, sum=0.0}, {zone_id=2, sum=4.410374311044193}, {zone_id=3, sum=93.30772133645478}, {zone_id=4, sum=95.65036818730269}]","{""type"":""MultiPoint"",""coordinates"":[]}"
110,0.02859413091138502,2.757726598869036E8,261.423551452259,2009-03,3.0,2009.0,"[{zone_id=1, sum=0.15061945919974878}, {zone_id=2, sum=17.786043333158787}, {zone_id=3, sum=135.75717620184165}, {zone_id=4, sum=94.82580057813726}]","{""type"":""MultiPoint"",""coordinates"":[]}"
111,0.02414101911478203,3.039060610660377E8,267.13189800550356,2009-04,4.0,2009.0,"[{zone_id=1, sum=0.1409115364869887}, {zone_id=2, sum=17.528112417733546}, {zone_id=3, sum=154.07661530889976}, {zone_id=4, sum=100.49122929780731}]","{""type"":""MultiPoint"",""coordinates"":[]}"
112,0.12860672639462797,2.6709899599999997E8,268.77835963932773,2009-05,5.0,2009.0,"[{zone_id=1, sum=0.03146700669642857}, {zone_id=2, sum=22.128615994110334}, {zone_id=3, sum=147.56764753561663}, {zone_id=4, sum=95.87530785162184}]","{""type"":""MultiPoint"",""coordinates"":[]}"
113,0.09093856360098973,2.5728611056957543E8,272.9638553763335,2009-06,6.0,2009.0,"[{zone_id=1, sum=0.0}, {zone_id=2, sum=7.6029787801662465}, {zone_id=3, sum=129.94349849511943}, {zone_id=4, sum=94.146211810124}]","{""type"":""MultiPoint"",""coordinates"":[]}"
114,0.21733578664228678,2.077963537051887E8,274.5397622094335,2009-07,7.0,2009.0,"[{zone_id=1, sum=0.0}, {zone_id=2, sum=3.1226260472929277}, {zone_id=3, sum=60.98175394180268}, {zone_id=4, sum=82.5851799965782}]","{""type"":""MultiPoint"",""coordinates"":[]}"
115,0.19432641481417678,1.9447474375471696E8,274.0860150577717,2009-08,8.0,2009.0,"[{zone_id=1, sum=0.0}, {zone_id=2, sum=3.254464370066659}, {zone_id=3, sum=57.244481153380384}, {zone_id=4, sum=77.83727340562162}]","{""type"":""MultiPoint"",""coordinates"":[]}"
116,0.09678153954505575,2.1562230124820465E8,272.3021004398913,2009-09,9.0,2009.0,"[{zone_id=1, sum=0.0}, {zone_id=2, sum=1.1651493167409164}, {zone_id=3, sum=76.76987110194868}, {zone_id=4, sum=92.56911550694046}]","{""type"":""MultiPoint"",""coordinates"":[]}"
117,0.10502375944534721,1.888552783311606E8,266.2820156482055,2009-10,10.0,2009.0,"[{zone_id=1, sum=0.0}, {zone_id=2, sum=2.428694713219747}, {zone_id=3, sum=125.85605051381067}, {zone_id=4, sum=100.71449711398236}]","{""type"":""MultiPoint"",""coordinates"":[]}"
118,0.03205125964167561,1.571020031721698E8,261.46611580118946,2009-11,11.0,2009.0,"[{zone_id=1, sum=0.0}, {zone_id=2, sum=6.6492368615900865}, {zone_id=3, sum=122.38712544987324}, {zone_id=4, sum=100.0092414218928}]","{""type"":""MultiPoint"",""coordinates"":[]}"
119,0.012606694341464756,1.798220901804245E8,257.69885357574066,2009-12,12.0,2009.0,"[{zone_id=1, sum=0.0}, {zone_id=2, sum=2.99540764046214}, {zone_id=3, sum=87.6806316713935}, {zone_id=4, sum=95.36778269523717}]","{""type"":""MultiPoint"",""coordinates"":[]}"
120,0.008258368374712529,2.0029883982429245E8,257.81647674721523,2010-01,1.0,2010.0,"[{zone_id=1, sum=0.2343027805778442}, {zone_id=2, sum=15.48613668315711}, {zone_id=3, sum=110.43423302524148}, {zone_id=4, sum=93.59365060239563}]","{""type"":""MultiPoint"",""coordinates"":[]}"
121,0.039198726578346964,1.3658047165094337E8,255.8479954063196,2010-02,2.0,2010.0,"[{zone_id=1, sum=1.5499031066623408}, {zone_id=2, sum=51.14685453451584}, {zone_id=3, sum=190.11838714343148}, {zone_id=4, sum=93.12842755190978}]","{""type"":""MultiPoint"",""coordinates"":[]}"
122,0.01603359490702107,2.4953157750434846E8,261.84508391156066,2010-03,3.0,2010.0,"[{zone_id=1, sum=0.4301415535799778}, {zone_id=2, sum=31.79034665666467}, {zone_id=3, sum=190.9882674009485}, {zone_id=4, sum=98.2263178636754}]","{""type"":""MultiPoint"",""coordinates"":[]}"
123,0.029940386538188875,3.1549903583018863E8,266.36294309748047,2010-04,4.0,2010.0,"[{zone_id=1, sum=0.0}, {zone_id=2, sum=1.628355392199594}, {zone_id=3, sum=91.28838310072406}, {zone_id=4, sum=96.18381025149205}]","{""type"":""MultiPoint"",""coordinates"":[]}"
124,0.05803694277785407,3.025500955908018E8,269.4904575874172,2010-05,5.0,2010.0,"[{zone_id=1, sum=0.0}, {zone_id=2, sum=2.423526247460029}, {zone_id=3, sum=98.21365877668953}, {zone_id=4, sum=97.36245656697798}]","{""type"":""MultiPoint"",""coordinates"":[]}"
125,0.08762612896650857,2.775849802582547E8,273.670321188233,2010-06,6.0,2010.0,"[{zone_id=1, sum=0.0}, {zone_id=2, sum=0.2146391673914238}, {zone_id=3, sum=53.87711584147862}, {zone_id=4, sum=84.5187510460022}]","{""type"":""MultiPoint"",""coordinates"":[]}"
126,0.27536720519031743,1.7124529724174526E8,274.24236467639685,2010-07,7.0,2010.0,"[{zone_id=1, sum=0.0}, {zone_id=2, sum=5.417620156872521}, {zone_id=3, sum=54.03976457965544}, {zone_id=4, sum=72.1318085924235}]","{""type"":""MultiPoint"",""coordinates"":[]}"
127,0.2572334771062276,1.6898917532547173E8,274.24592485155046,2010-08,8.0,2010.0,"[{zone_id=1, sum=0.7120668023284316}, {zone_id=2, sum=2.317556336724342}, {zone_id=3, sum=62.44870121472742}, {zone_id=4, sum=83.8122435294236}]","{""type"":""MultiPoint"",""coordinates"":[]}"
128,0.14242893370365053,1.7969921385030952E8,272.281680788484,2010-09,9.0,2010.0,"[{zone_id=1, sum=1.0872436019496738}, {zone_id=2, sum=4.256294391431973}, {zone_id=3, sum=95.72105637269433}, {zone_id=4, sum=91.91291228284582}]","{""type"":""MultiPoint"",""coordinates"":[]}"
129,0.05425973753150964,2.2752307503594396E8,267.4337411552734,2010-10,10.0,2010.0,"[{zone_id=1, sum=0.0}, {zone_id=2, sum=2.3684021865140257}, {zone_id=3, sum=116.80942511923708}, {zone_id=4, sum=101.09802284473236}]","{""type"":""MultiPoint"",""coordinates"":[]}"
130,0.011836025696514183,1.592084407676887E8,262.1370916654479,2010-11,11.0,2010.0,"[{zone_id=1, sum=0.0}, {zone_id=2, sum=11.534055926797658}, {zone_id=3, sum=133.54608919606616}, {zone_id=4, sum=101.13382492377013}]","{""type"":""MultiPoint"",""coordinates"":[]}"
131,0.020028771289763592,2.1271575017099053E8,257.77533209466577,2010-12,12.0,2010.0,"[{zone_id=1, sum=0.007597022090517241}, {zone_id=2, sum=1.3377816523946342}, {zone_id=3, sum=81.08321912990361}, {zone_id=4, sum=96.65128948971989}]","{""type"":""MultiPoint"",""coordinates"":[]}"
132,0.011805750835329266,1.6873617193042454E8,254.07925543588712,2011-01,1.0,2011.0,"[{zone_id=1, sum=0.0}, {zone_id=2, sum=2.6867274784244306}, {zone_id=3, sum=79.6984901027888}, {zone_id=4, sum=92.5369713567465}]","{""type"":""MultiPoint"",""coordinates"":[]}"
133,0.043890756259514385,1.6900198556721696E8,255.5335356942834,2011-02,2.0,2011.0,"[{zone_id=1, sum=4.864888599871237}, {zone_id=2, sum=65.1271686908113}, {zone_id=3, sum=172.74110879579138}, {zone_id=4, sum=94.2206748536482}]","{""type"":""MultiPoint"",""coordinates"":[]}"
134,0.020519222324548888,2.0445866072403818E8,259.16753129461864,2011-03,3.0,2011.0,"[{zone_id=1, sum=0.4734201095797789}, {zone_id=2, sum=48.95050016059528}, {zone_id=3, sum=194.51327027459058}, {zone_id=4, sum=96.61714945508955}]","{""type"":""MultiPoint"",""coordinates"":[]}"
135,0.041112059106512965,2.88236509428066E8,263.02131476572225,2011-04,4.0,2011.0,"[{zone_id=1, sum=0.11432896778345353}, {zone_id=2, sum=20.552751529325672}, {zone_id=3, sum=165.42443506043915}, {zone_id=4, sum=100.45727491244537}]","{""type"":""MultiPoint"",""coordinates"":[]}"
136,0.06218242440063413,2.900731311096698E8,269.2035012070076,2011-05,5.0,2011.0,"[{zone_id=1, sum=0.044064509375000005}, {zone_id=2, sum=3.73266844527245}, {zone_id=3, sum=116.82488473277759}, {zone_id=4, sum=98.35640259331797}]","{""type"":""MultiPoint"",""coordinates"":[]}"
137,0.19485349332376736,2.3716755046580192E8,272.81208920948654,2011-06,6.0,2011.0,"[{zone_id=1, sum=0.0}, {zone_id=2, sum=1.199754153228618}, {zone_id=3, sum=76.89543649964646}, {zone_id=4, sum=85.2259963170198}]","{""type"":""MultiPoint"",""coordinates"":[]}"
138,0.2530522731783121,1.6905140928066036E8,273.8388040449344,2011-07,7.0,2011.0,"[{zone_id=1, sum=4.150603171103598}, {zone_id=2, sum=15.151868969649621}, {zone_id=3, sum=112.14557259044383}, {zone_id=4, sum=92.70206560996438}]","{""type"":""MultiPoint"",""coordinates"":[]}"
139,0.2286475425999612,1.750557536462264E8,273.2331978926965,2011-08,8.0,2011.0,"[{zone_id=1, sum=0.0}, {zone_id=2, sum=4.139541837131058}, {zone_id=3, sum=95.96068075836725}, {zone_id=4, sum=90.49403323855728}]","{""type"":""MultiPoint"",""coordinates"":[]}"
140,0.2062612073559795,1.6506837235546875E8,272.17999174130034,2011-09,9.0,2011.0,"[{zone_id=1, sum=0.0440431}, {zone_id=2, sum=22.57353074233281}, {zone_id=3, sum=125.65535257808435}, {zone_id=4, sum=88.842520940561}]","{""type"":""MultiPoint"",""coordinates"":[]}"
141,0.03158182128994041,2.1117880823896587E8,265.38379748710685,2011-10,10.0,2011.0,"[{zone_id=1, sum=0.0}, {zone_id=2, sum=15.83727403590752}, {zone_id=3, sum=177.26007345539116}, {zone_id=4, sum=102.1407895512194}]","{""type"":""MultiPoint"",""coordinates"":[]}"
142,0.007406744398401988,2.069022493985849E8,263.1774634843102,2011-11,11.0,2011.0,"[{zone_id=1, sum=0.0}, {zone_id=2, sum=4.570384127726787}, {zone_id=3, sum=122.65432457556652}, {zone_id=4, sum=101.43822252373099}]","{""type"":""MultiPoint"",""coordinates"":[]}"
143,0.0060044411886663275,2.021152954245283E8,262.6642983754475,2011-12,12.0,2011.0,"[{zone_id=1, sum=0.0}, {zone_id=2, sum=1.330029534560266}, {zone_id=3, sum=95.89554287624485}, {zone_id=4, sum=98.71820575154425}]","{""type"":""MultiPoint"",""coordinates"":[]}"
144,0.03051282098707791,1.3180021489150941E8,251.93406061624074,2012-01,1.0,2012.0,"[{zone_id=1, sum=1.239627241569749}, {zone_id=2, sum=42.99582412441972}, {zone_id=3, sum=167.05142256533713}, {zone_id=4, sum=96.39376244697925}]","{""type"":""MultiPoint"",""coordinates"":[]}"
145,0.07104418457449037,1.2520607680542453E8,254.7813374220071,2012-02,2.0,2012.0,"[{zone_id=1, sum=0.08181947962645077}, {zone_id=2, sum=29.08403427789456}, {zone_id=3, sum=161.99260026080069}, {zone_id=4, sum=92.03018384374933}]","{""type"":""MultiPoint"",""coordinates"":[]}"
146,0.025962481977607664,1.5245889927757406E8,257.753799247316,2012-03,3.0,2012.0,"[{zone_id=1, sum=0.026116127554086536}, {zone_id=2, sum=18.809972793399464}, {zone_id=3, sum=148.0443866872079}, {zone_id=4, sum=95.31698070569132}]","{""type"":""MultiPoint"",""coordinates"":[]}"
147,0.022501479474881604,2.693005161957547E8,263.1703837080821,2012-04,4.0,2012.0,"[{zone_id=1, sum=0.1069898675941155}, {zone_id=2, sum=11.21131652190268}, {zone_id=3, sum=144.6715559512005}, {zone_id=4, sum=100.41194598514838}]","{""type"":""MultiPoint"",""coordinates"":[]}"
148,0.04094407611862796,3.174994091757075E8,268.48302107192023,2012-05,5.0,2012.0,"[{zone_id=1, sum=0.033043329947916665}, {zone_id=2, sum=4.049859895110839}, {zone_id=3, sum=96.12067817286169}, {zone_id=4, sum=97.16303919643173}]","{""type"":""MultiPoint"",""coordinates"":[]}"
149,0.13943155922083003,2.492273433101415E8,273.67414620037596,2012-06,6.0,2012.0,"[{zone_id=1, sum=0.0}, {zone_id=2, sum=0.37853464169827467}, {zone_id=3, sum=47.50919040205456}, {zone_id=4, sum=85.15852524604105}]","{""type"":""MultiPoint"",""coordinates"":[]}"
150,0.24556036561317196,1.8309172684316036E8,274.4414053131586,2012-07,7.0,2012.0,"[{zone_id=1, sum=1.438639589607259}, {zone_id=2, sum=5.853688180905458}, {zone_id=3, sum=49.23030235070342}, {zone_id=4, sum=73.12099852971282}]","{""type"":""MultiPoint"",""coordinates"":[]}"
151,0.15734739932193015,2.1767710686556605E8,274.1775557200114,2012-08,8.0,2012.0,"[{zone_id=1, sum=0.10536678490093955}, {zone_id=2, sum=1.8527046844685915}, {zone_id=3, sum=58.55978821701461}, {zone_id=4, sum=85.52001855737839}]","{""type"":""MultiPoint"",""coordinates"":[]}"
152,0.21655110782239995,1.737676474170106E8,271.57860408559037,2012-09,9.0,2012.0,"[{zone_id=1, sum=0.08858029663611894}, {zone_id=2, sum=1.2299438205669277}, {zone_id=3, sum=80.13883451777396}, {zone_id=4, sum=94.32258815542812}]","{""type"":""MultiPoint"",""coordinates"":[]}"
153,0.019872996851499538,2.552093590709683E8,265.2127436024346,2012-10,10.0,2012.0,"[{zone_id=1, sum=0.0}, {zone_id=2, sum=1.7810431605016772}, {zone_id=3, sum=92.58927458751315}, {zone_id=4, sum=100.61712109930747}]","{""type"":""MultiPoint"",""coordinates"":[]}"
154,0.007019953166922798,2.2014034788089618E8,261.9837159570658,2012-11,11.0,2012.0,"[{zone_id=1, sum=0.0}, {zone_id=2, sum=0.6781850173192305}, {zone_id=3, sum=80.73585301328872}, {zone_id=4, sum=98.99550923180897}]","{""type"":""MultiPoint"",""coordinates"":[]}"
155,0.007876363777174038,2.0806697926179245E8,260.86452191469516,2012-12,12.0,2012.0,"[{zone_id=1, sum=0.0}, {zone_id=2, sum=2.2338832306638725}, {zone_id=3, sum=76.29205758045586}, {zone_id=4, sum=95.37833746165148}]","{""type"":""MultiPoint"",""coordinates"":[]}"
156,0.025615969927236554,1.6994780938325474E8,256.2353217399104,2013-01,1.0,2013.0,"[{zone_id=1, sum=0.25468711089203216}, {zone_id=2, sum=15.437575060660595}, {zone_id=3, sum=104.47423280538338}, {zone_id=4, sum=93.79038953055388}]","{""type"":""MultiPoint"",""coordinates"":[]}"
157,0.09664194707033322,1.013118521485849E8,255.35917369974487,2013-02,2.0,2013.0,"[{zone_id=1, sum=8.826280864837683}, {zone_id=2, sum=133.04811719249892}, {zone_id=3, sum=317.44061381054297}, {zone_id=4, sum=99.68516452098552}]","{""type"":""MultiPoint"",""coordinates"":[]}"
158,0.006131425303913667,1.7613971730739778E8,259.2789254466184,2013-03,3.0,2013.0,"[{zone_id=1, sum=0.9619894820467589}, {zone_id=2, sum=75.03283013150867}, {zone_id=3, sum=277.17031135243116}, {zone_id=4, sum=100.48021615097349}]","{""type"":""MultiPoint"",""coordinates"":[]}"
159,0.03385762149134757,2.6661179166391507E8,263.49372028094916,2013-04,4.0,2013.0,"[{zone_id=1, sum=0.08552421667286708}, {zone_id=2, sum=18.723300660771592}, {zone_id=3, sum=168.64359266694825}, {zone_id=4, sum=98.61668028669146}]","{""type"":""MultiPoint"",""coordinates"":[]}"
160,0.1033667311252327,2.950439165731132E8,269.2124267445783,2013-05,5.0,2013.0,"[{zone_id=1, sum=0.07596481272546898}, {zone_id=2, sum=5.444267041942558}, {zone_id=3, sum=80.0808861552216}, {zone_id=4, sum=87.14160723566678}]","{""type"":""MultiPoint"",""coordinates"":[]}"
161,0.15986308496823193,2.065443608679245E8,273.63916212277843,2013-06,6.0,2013.0,"[{zone_id=1, sum=2.7538149456772145}, {zone_id=2, sum=18.070033519227284}, {zone_id=3, sum=80.23555158561389}, {zone_id=4, sum=85.48433051776706}]","{""type"":""MultiPoint"",""coordinates"":[]}"
162,0.26004058777418204,1.76494414879717E8,274.40696697463414,2013-07,7.0,2013.0,"[{zone_id=1, sum=0.0}, {zone_id=2, sum=5.425721475725889}, {zone_id=3, sum=67.89617709720139}, {zone_id=4, sum=84.69946293623147}]","{""type"":""MultiPoint"",""coordinates"":[]}"
163,0.1690527063602305,2.0323539020636794E8,273.927917018433,2013-08,8.0,2013.0,"[{zone_id=1, sum=0.06117394878472222}, {zone_id=2, sum=4.308723642170843}, {zone_id=3, sum=73.58259453738083}, {zone_id=4, sum=85.82272446294444}]","{""type"":""MultiPoint"",""coordinates"":[]}"
164,0.09749382691266069,2.218221896351189E8,272.00279026751247,2013-09,9.0,2013.0,"[{zone_id=1, sum=0.0}, {zone_id=2, sum=0.8243845196627055}, {zone_id=3, sum=66.87548324687475}, {zone_id=4, sum=88.25576343346685}]","{""type"":""MultiPoint"",""coordinates"":[]}"
165,0.13712415314932366,1.63751785819792E8,266.14206046539573,2013-10,10.0,2013.0,"[{zone_id=1, sum=0.03637326316817434}, {zone_id=2, sum=90.4319720764449}, {zone_id=3, sum=295.0898633911049}, {zone_id=4, sum=101.45977157046332}]","{""type"":""MultiPoint"",""coordinates"":[]}"
166,0.0048664530395207475,2.023470521285377E8,260.9597710795373,2013-11,11.0,2013.0,"[{zone_id=1, sum=0.031770450819450145}, {zone_id=2, sum=61.80320240865657}, {zone_id=3, sum=278.81741251588596}, {zone_id=4, sum=103.41000292859763}]","{""type"":""MultiPoint"",""coordinates"":[]}"
167,0.006310282331294063,1.9121264754952827E8,258.61111131491253,2013-12,12.0,2013.0,"[{zone_id=1, sum=0.29449683894580636}, {zone_id=2, sum=14.670103418679554}, {zone_id=3, sum=162.0956070318906}, {zone_id=4, sum=101.11405153241296}]","{""type"":""MultiPoint"",""coordinates"":[]}"
168,0.03623565117790379,1.482657911167453E8,255.86021803184315,2014-01,1.0,2014.0,"[{zone_id=1, sum=1.3564672944907896}, {zone_id=2, sum=34.840360037708194}, {zone_id=3, sum=156.2128927266818}, {zone_id=4, sum=97.99184624454489}]","{""type"":""MultiPoint"",""coordinates"":[]}"
169,0.05915447605440369,1.1643952944457546E8,255.2816491653977,2014-02,2.0,2014.0,"[{zone_id=1, sum=0.0367115078125}, {zone_id=2, sum=25.578128907627164}, {zone_id=3, sum=173.53908825816998}, {zone_id=4, sum=97.9032727898462}]","{""type"":""MultiPoint"",""coordinates"":[]}"
170,0.019378016721503317,1.61454509023935E8,257.5560137763616,2014-03,3.0,2014.0,"[{zone_id=1, sum=1.767828039123658}, {zone_id=2, sum=63.89740408934674}, {zone_id=3, sum=249.0151625295455}, {zone_id=4, sum=101.05184701710937}]","{""type"":""MultiPoint"",""coordinates"":[]}"
171,0.0216132547004488,2.6634637321698114E8,263.1087856180763,2014-04,4.0,2014.0,"[{zone_id=1, sum=0.0191495625}, {zone_id=2, sum=9.148297846850726}, {zone_id=3, sum=131.59917680459534}, {zone_id=4, sum=99.98782585167194}]","{""type"":""MultiPoint"",""coordinates"":[]}"
172,0.09851208517835967,2.9251609763089615E8,268.29328417376536,2014-05,5.0,2014.0,"[{zone_id=1, sum=0.01693484495192308}, {zone_id=2, sum=19.403009447842912}, {zone_id=3, sum=127.59710327156901}, {zone_id=4, sum=97.7859485937833}]","{""type"":""MultiPoint"",""coordinates"":[]}"
173,0.11177635695259577,2.4526131869221693E8,273.28910668211165,2014-06,6.0,2014.0,"[{zone_id=1, sum=0.0}, {zone_id=2, sum=4.369860581068914}, {zone_id=3, sum=79.56715886928833}, {zone_id=4, sum=85.50902252786365}]","{""type"":""MultiPoint"",""coordinates"":[]}"
174,0.23952738300813906,1.9399783775825474E8,274.5398112788696,2014-07,7.0,2014.0,"[{zone_id=1, sum=0.0}, {zone_id=2, sum=5.045842254588476}, {zone_id=3, sum=61.002730648891415}, {zone_id=4, sum=79.35757753426384}]","{""type"":""MultiPoint"",""coordinates"":[]}"
175,0.20363427384427446,1.9090759516037732E8,273.9139017963003,2014-08,8.0,2014.0,"[{zone_id=1, sum=0.0}, {zone_id=2, sum=7.515131420835174}, {zone_id=3, sum=61.37137110853424}, {zone_id=4, sum=85.51170612765556}]","{""type"":""MultiPoint"",""coordinates"":[]}"
176,0.12093785918887189,1.982544763198702E8,271.8084214448429,2014-09,9.0,2014.0,"[{zone_id=1, sum=0.0}, {zone_id=2, sum=1.0790269679882112}, {zone_id=3, sum=78.05755413352837}, {zone_id=4, sum=89.28855737624129}]","{""type"":""MultiPoint"",""coordinates"":[]}"
177,0.04590243813855574,2.0423599105980524E8,264.528325890982,2014-10,10.0,2014.0,"[{zone_id=1, sum=0.31018325156073784}, {zone_id=2, sum=47.423622715368786}, {zone_id=3, sum=224.44787377121463}, {zone_id=4, sum=101.76373489124393}]","{""type"":""MultiPoint"",""coordinates"":[]}"
178,0.004117085139663614,2.1901935085966977E8,263.17814790817675,2014-11,11.0,2014.0,"[{zone_id=1, sum=0.0}, {zone_id=2, sum=9.327103877411469}, {zone_id=3, sum=157.3208908947336}, {zone_id=4, sum=102.41480487384555}]","{""type"":""MultiPoint"",""coordinates"":[]}"
179,0.05670948435101181,1.376472782948113E8,259.38253552813535,2014-12,12.0,2014.0,"[{zone_id=1, sum=2.9615236892378003}, {zone_id=2, sum=56.40822553813859}, {zone_id=3, sum=187.93087516169643}, {zone_id=4, sum=101.2515152833797}]","{""type"":""MultiPoint"",""coordinates"":[]}"
180,0.0639684713615559,9.640448616627356E7,253.9385711358802,2015-01,1.0,2015.0,"[{zone_id=1, sum=3.6443350608617293}, {zone_id=2, sum=107.48911997406962}, {zone_id=3, sum=270.8590055368091}, {zone_id=4, sum=96.72852971992168}]","{""type"":""MultiPoint"",""coordinates"":[]}"
181,0.018416235609046847,1.3081012284551884E8,256.4623217038603,2015-02,2.0,2015.0,"[{zone_id=1, sum=1.055407482774831}, {zone_id=2, sum=65.697669962333}, {zone_id=3, sum=233.7212305209387}, {zone_id=4, sum=97.10496702163391}]","{""type"":""MultiPoint"",""coordinates"":[]}"
182,0.09097778760137894,1.2958392426351526E8,258.27667003104546,2015-03,3.0,2015.0,"[{zone_id=1, sum=8.82670753113718}, {zone_id=2, sum=159.48277124797215}, {zone_id=3, sum=364.87168891316736}, {zone_id=4, sum=102.49852353691529}]","{""type"":""MultiPoint"",""coordinates"":[]}"
183,0.03531859797692612,1.4956594513443395E8,261.26902296638093,2015-04,4.0,2015.0,"[{zone_id=1, sum=0.22064305552572433}, {zone_id=2, sum=67.9544467965769}, {zone_id=3, sum=290.7333922122817}, {zone_id=4, sum=102.59580132022188}]","{""type"":""MultiPoint"",""coordinates"":[]}"
184,0.017718135055352573,2.6381036772405657E8,267.44972751444845,2015-05,5.0,2015.0,"[{zone_id=1, sum=0.03059540060763889}, {zone_id=2, sum=16.38807976066979}, {zone_id=3, sum=178.51391624204123}, {zone_id=4, sum=100.83677105082688}]","{""type"":""MultiPoint"",""coordinates"":[]}"
185,0.1316879969442337,2.5865863779481128E8,272.50610238121243,2015-06,6.0,2015.0,"[{zone_id=1, sum=0.0}, {zone_id=2, sum=0.7830248007150458}, {zone_id=3, sum=64.89559852645769}, {zone_id=4, sum=81.6858949264555}]","{""type"":""MultiPoint"",""coordinates"":[]}"
186,0.12222375197248447,2.443222332759434E8,273.7220419154106,2015-07,7.0,2015.0,"[{zone_id=1, sum=0.0}, {zone_id=2, sum=0.12966479350645002}, {zone_id=3, sum=64.49827299783463}, {zone_id=4, sum=88.4037003255925}]","{""type"":""MultiPoint"",""coordinates"":[]}"
187,0.19065308219979182,1.9932776955896226E8,273.6416483078266,2015-08,8.0,2015.0,"[{zone_id=1, sum=1.3845246706729983}, {zone_id=2, sum=4.142536878737822}, {zone_id=3, sum=69.43212737144671}, {zone_id=4, sum=83.73625469361947}]","{""type"":""MultiPoint"",""coordinates"":[]}"
188,0.08921305481423926,2.2541096852181605E8,272.5191345190852,2015-09,9.0,2015.0,"[{zone_id=1, sum=0.0}, {zone_id=2, sum=0.9481652900874518}, {zone_id=3, sum=72.2717871277369}, {zone_id=4, sum=89.99173338536295}]","{""type"":""MultiPoint"",""coordinates"":[]}"
189,0.030867639662223174,2.4153518838448462E8,266.7422956001156,2015-10,10.0,2015.0,"[{zone_id=1, sum=0.0747555974516222}, {zone_id=2, sum=7.632402403627496}, {zone_id=3, sum=98.51787657991495}, {zone_id=4, sum=99.57736819128374}]","{""type"":""MultiPoint"",""coordinates"":[]}"
190,0.004457813195917053,2.1072039136320758E8,262.48156679301394,2015-11,11.0,2015.0,"[{zone_id=1, sum=0.036013807173913046}, {zone_id=2, sum=8.360210103608493}, {zone_id=3, sum=107.20224675560911}, {zone_id=4, sum=98.83348037769446}]","{""type"":""MultiPoint"",""coordinates"":[]}"
191,0.006755267988926681,2.0841806091745284E8,259.2704648613615,2015-12,12.0,2015.0,"[{zone_id=1, sum=0.0}, {zone_id=2, sum=0.490131346319388}, {zone_id=3, sum=65.49230919144193}, {zone_id=4, sum=93.56493919735374}]","{""type"":""MultiPoint"",""coordinates"":[]}"
192,0.019479580777634117,1.9191939223702833E8,256.0389799952725,2016-01,1.0,2016.0,"[{zone_id=1, sum=0.009576915081521739}, {zone_id=2, sum=6.246450580250319}, {zone_id=3, sum=84.98577747427359}, {zone_id=4, sum=91.79422352261028}]","{""type"":""MultiPoint"",""coordinates"":[]}"
193,0.02101803919758149,2.148664284540094E8,259.09942744968,2016-02,2.0,2016.0,"[{zone_id=1, sum=0.7987834731239059}, {zone_id=2, sum=12.751436381977223}, {zone_id=3, sum=91.99368171581418}, {zone_id=4, sum=90.97848553163712}]","{""type"":""MultiPoint"",""coordinates"":[]}"
194,0.02739800549546754,2.859318374228285E8,260.8926450613668,2016-03,3.0,2016.0,"[{zone_id=1, sum=0.0}, {zone_id=2, sum=10.456685987557321}, {zone_id=3, sum=138.56403291238374}, {zone_id=4, sum=98.58671017039771}]","{""type"":""MultiPoint"",""coordinates"":[]}"
195,0.01971545718470767,3.2660926909551895E8,265.18126713734745,2016-04,4.0,2016.0,"[{zone_id=1, sum=0.0}, {zone_id=2, sum=1.3191836101979388}, {zone_id=3, sum=78.46247846476417}, {zone_id=4, sum=95.54276764633966}]","{""type"":""MultiPoint"",""coordinates"":[]}"
196,0.06325762632875274,2.987088838537736E8,268.5788654540996,2016-05,5.0,2016.0,"[{zone_id=1, sum=0.0}, {zone_id=2, sum=1.2117473843395448}, {zone_id=3, sum=71.08902955415225}, {zone_id=4, sum=93.01942423185953}]","{""type"":""MultiPoint"",""coordinates"":[]}"
197,0.12049352030853717,2.4351339512146223E8,273.361248111125,2016-06,6.0,2016.0,"[{zone_id=1, sum=0.0}, {zone_id=2, sum=1.6778678397420406}, {zone_id=3, sum=58.236420318612375}, {zone_id=4, sum=84.01698029339087}]","{""type"":""MultiPoint"",""coordinates"":[]}"
198,0.32616060270986097,1.5290868210731134E8,273.9480963711033,2016-07,7.0,2016.0,"[{zone_id=1, sum=0.0}, {zone_id=2, sum=4.256068369129001}, {zone_id=3, sum=69.4525038174688}, {zone_id=4, sum=81.46756278283806}]","{""type"":""MultiPoint"",""coordinates"":[]}"
199,0.08814114101106052,2.5712094644457543E8,273.4849158047324,2016-08,8.0,2016.0,"[{zone_id=1, sum=0.0}, {zone_id=2, sum=2.180056926619823}, {zone_id=3, sum=68.94090967962717}, {zone_id=4, sum=87.73537527857428}]","{""type"":""MultiPoint"",""coordinates"":[]}"
200,0.15583880846526205,1.7404994343607658E8,272.4982483969794,2016-09,9.0,2016.0,"[{zone_id=1, sum=0.0493760490677521}, {zone_id=2, sum=8.119786109999207}, {zone_id=3, sum=83.6294704482482}, {zone_id=4, sum=83.22544908320472}]","{""type"":""MultiPoint"",""coordinates"":[]}"
201,0.03683285843456293,2.1947475264901307E8,268.3075233690877,2016-10,10.0,2016.0,"[{zone_id=1, sum=0.0}, {zone_id=2, sum=1.1180984943588708}, {zone_id=3, sum=105.98709008283122}, {zone_id=4, sum=99.09597966973092}]","{""type"":""MultiPoint"",""coordinates"":[]}"
202,0.003575820938739877,2.2526726648466977E8,264.1367662245873,2016-11,11.0,2016.0,"[{zone_id=1, sum=0.0}, {zone_id=2, sum=0.9245246020990139}, {zone_id=3, sum=95.98108912107665}, {zone_id=4, sum=101.08158137789874}]","{""type"":""MultiPoint"",""coordinates"":[]}"
203,0.004828895406699863,2.1179784506367928E8,263.6279171231456,2016-12,12.0,2016.0,"[{zone_id=1, sum=0.0}, {zone_id=2, sum=0.890276262418956}, {zone_id=3, sum=82.69954834536495}, {zone_id=4, sum=98.15377008451901}]","{""type"":""MultiPoint"",""coordinates"":[]}"
204,0.027543923696466317,1.9713359152594343E8,255.7559344229192,2017-01,1.0,2017.0,"[{zone_id=1, sum=1.361885685128199}, {zone_id=2, sum=35.74306778114895}, {zone_id=3, sum=143.31690475312735}, {zone_id=4, sum=97.97747873460352}]","{""type"":""MultiPoint"",""coordinates"":[]}"
205,0.007548086053857294,2.1237121287735844E8,259.054250036824,2017-02,2.0,2017.0,"[{zone_id=1, sum=0.058135608799098314}, {zone_id=2, sum=18.48001615176618}, {zone_id=3, sum=118.80026165771638}, {zone_id=4, sum=96.38755214686063}]","{""type"":""MultiPoint"",""coordinates"":[]}"
206,0.04840562207284187,2.018678382503377E8,258.9670284477879,2017-03,3.0,2017.0,"[{zone_id=1, sum=1.3593000366873882}, {zone_id=2, sum=33.391165466085624}, {zone_id=3, sum=157.69759574745058}, {zone_id=4, sum=96.90836533391044}]","{""type"":""MultiPoint"",""coordinates"":[]}"
207,0.027522473247029906,3.120301196415094E8,264.90262446813364,2017-04,4.0,2017.0,"[{zone_id=1, sum=0.12083273023702257}, {zone_id=2, sum=16.867949132650367}, {zone_id=3, sum=116.6781639992561}, {zone_id=4, sum=97.89939545124645}]","{""type"":""MultiPoint"",""coordinates"":[]}"
208,0.06147040028948238,2.9772319664033014E8,268.5914445603491,2017-05,5.0,2017.0,"[{zone_id=1, sum=0.0}, {zone_id=2, sum=3.6657920017708445}, {zone_id=3, sum=106.87044199945004}, {zone_id=4, sum=96.8930292919882}]","{""type"":""MultiPoint"",""coordinates"":[]}"
209,0.08088589594247425,2.71837887610849E8,272.81267113635624,2017-06,6.0,2017.0,"[{zone_id=1, sum=0.08653076339285715}, {zone_id=2, sum=2.74972081966965}, {zone_id=3, sum=57.706724753449194}, {zone_id=4, sum=82.58060267500854}]","{""type"":""MultiPoint"",""coordinates"":[]}"
210,0.2346848816951577,1.9177642578537735E8,273.8014692154442,2017-07,7.0,2017.0,"[{zone_id=1, sum=0.0}, {zone_id=2, sum=3.3263257705220566}, {zone_id=3, sum=65.37264571949316}, {zone_id=4, sum=87.7195438972435}]","{""type"":""MultiPoint"",""coordinates"":[]}"
211,0.20521437500857329,1.9525251149410373E8,273.8721237519276,2017-08,8.0,2017.0,"[{zone_id=1, sum=0.11955831116071429}, {zone_id=2, sum=11.136310200050069}, {zone_id=3, sum=75.27973741477538}, {zone_id=4, sum=84.42620942251715}]","{""type"":""MultiPoint"",""coordinates"":[]}"
212,0.0643308249275389,2.4004503703774965E8,272.72639873032796,2017-09,9.0,2017.0,"[{zone_id=1, sum=0.0}, {zone_id=2, sum=0.8537289000193359}, {zone_id=3, sum=57.14592452510049}, {zone_id=4, sum=86.47130576421708}]","{""type"":""MultiPoint"",""coordinates"":[]}"
213,0.030779683995579846,2.3243807766368014E8,268.42980016358945,2017-10,10.0,2017.0,"[{zone_id=1, sum=0.09165020716374268}, {zone_id=2, sum=5.505482373830553}, {zone_id=3, sum=82.86829504401574}, {zone_id=4, sum=97.10488497578186}]","{""type"":""MultiPoint"",""coordinates"":[]}"
214,0.007834992428865139,2.1801099982429242E8,262.25296753057637,2017-11,11.0,2017.0,"[{zone_id=1, sum=0.0}, {zone_id=2, sum=2.9158026009520577}, {zone_id=3, sum=82.04237014732863}, {zone_id=4, sum=97.32246683003001}]","{""type"":""MultiPoint"",""coordinates"":[]}"
215,0.006958139560633108,2.0769085850353774E8,262.4293550826831,2017-12,12.0,2017.0,"[{zone_id=1, sum=0.0}, {zone_id=2, sum=0.18865200101046692}, {zone_id=3, sum=65.58548570589079}, {zone_id=4, sum=93.3230187525134}]","{""type"":""MultiPoint"",""coordinates"":[]}"
216,0.012925369368959458,2.1108078828183964E8,260.4609768512065,2018-01,1.0,2018.0,"[{zone_id=1, sum=0.11207581405616647}, {zone_id=2, sum=6.046590244469782}, {zone_id=3, sum=73.88175894896449}, {zone_id=4, sum=91.66012256247735}]","{""type"":""MultiPoint"",""coordinates"":[]}"
217,0.023938341363204895,2.099832383962264E8,258.39325567461407,2018-02,2.0,2018.0,"[{zone_id=1, sum=0.0}, {zone_id=2, sum=4.110762702217976}, {zone_id=3, sum=87.74125163020604}, {zone_id=4, sum=91.14436276784735}]","{""type"":""MultiPoint"",""coordinates"":[]}"
218,0.01900903034042092,3.0024946460582346E8,260.27607162430695,2018-03,3.0,2018.0,"[{zone_id=1, sum=0.029201964015151516}, {zone_id=2, sum=9.44952561778798}, {zone_id=3, sum=98.19072859971888}, {zone_id=4, sum=95.09987098372935}]","{""type"":""MultiPoint"",""coordinates"":[]}"
219,0.0508631145384622,2.78807105178066E8,264.5262926885417,2018-04,4.0,2018.0,"[{zone_id=1, sum=0.0}, {zone_id=2, sum=8.421330892682931}, {zone_id=3, sum=151.2800984240381}, {zone_id=4, sum=101.39463985823647}]","{""type"":""MultiPoint"",""coordinates"":[]}"
220,0.040924771496144555,3.1122988532547164E8,268.17176421280203,2018-05,5.0,2018.0,"[{zone_id=1, sum=0.07597055990710677}, {zone_id=2, sum=9.006445489484296}, {zone_id=3, sum=106.9010156993934}, {zone_id=4, sum=98.37615596704202}]","{""type"":""MultiPoint"",""coordinates"":[]}"
221,0.11256653306395613,2.4506317719575468E8,273.13438659484035,2018-06,6.0,2018.0,"[{zone_id=1, sum=0.0}, {zone_id=2, sum=0.6824434682874723}, {zone_id=3, sum=51.799926030791895}, {zone_id=4, sum=83.73609874637668}]","{""type"":""MultiPoint"",""coordinates"":[]}"
222,0.2378246930169794,1.9009083548820752E8,274.2621306030279,2018-07,7.0,2018.0,"[{zone_id=1, sum=0.0}, {zone_id=2, sum=2.072789538172245}, {zone_id=3, sum=51.828947149771686}, {zone_id=4, sum=71.9434260637539}]","{""type"":""MultiPoint"",""coordinates"":[]}"
223,0.2996875535869595,1.6801425583844337E8,273.67942637549766,2018-08,8.0,2018.0,"[{zone_id=1, sum=0.0}, {zone_id=2, sum=4.8972208054570885}, {zone_id=3, sum=85.74105436435173}, {zone_id=4, sum=90.14079365784536}]","{""type"":""MultiPoint"",""coordinates"":[]}"
224,0.04754194249624352,2.4234019817799228E8,272.03131115751444,2018-09,9.0,2018.0,"[{zone_id=1, sum=0.0}, {zone_id=2, sum=0.34749179263035074}, {zone_id=3, sum=61.67345246442304}, {zone_id=4, sum=91.7601303201915}]","{""type"":""MultiPoint"",""coordinates"":[]}"
225,0.014478997542816651,2.6622309594048038E8,264.8113678870082,2018-10,10.0,2018.0,"[{zone_id=1, sum=0.0}, {zone_id=2, sum=0.3751356830216423}, {zone_id=3, sum=71.17800572893327}, {zone_id=4, sum=98.71349093693138}]","{""type"":""MultiPoint"",""coordinates"":[]}"
226,0.0064788135049477415,2.209473788915094E8,262.6629890645825,2018-11,11.0,2018.0,"[{zone_id=1, sum=0.0}, {zone_id=2, sum=0.23951657710011087}, {zone_id=3, sum=64.79755500249577}, {zone_id=4, sum=96.67798915826276}]","{""type"":""MultiPoint"",""coordinates"":[]}"
227,0.01939798910437057,1.795747726037736E8,257.7377073319308,2018-12,12.0,2018.0,"[{zone_id=1, sum=0.010012229403409092}, {zone_id=2, sum=11.153102690099928}, {zone_id=3, sum=106.13313157041542}, {zone_id=4, sum=96.18657326533815}]","{""type"":""MultiPoint"",""coordinates"":[]}"
228,0.05689693595716404,1.2716885213679245E8,253.37688209416055,2019-01,1.0,2019.0,"[{zone_id=1, sum=2.8047048090206004}, {zone_id=2, sum=44.8405255385363}, {zone_id=3, sum=120.91771903728568}, {zone_id=4, sum=85.88054618217004}]","{""type"":""MultiPoint"",""coordinates"":[]}"
229,0.09109817599571678,9.087920365566038E7,254.68537541412599,2019-02,2.0,2019.0,"[{zone_id=1, sum=1.4174138749575638}, {zone_id=2, sum=90.3389612732692}, {zone_id=3, sum=265.5233938574974}, {zone_id=4, sum=91.08694911769041}]","{""type"":""MultiPoint"",""coordinates"":[]}"
230,0.013718729703744955,1.525868765617077E8,257.2749967805317,2019-03,3.0,2019.0,"[{zone_id=1, sum=2.2708408327872855}, {zone_id=2, sum=77.48567733187676}, {zone_id=3, sum=246.49404036763391}, {zone_id=4, sum=98.44449682232948}]","{""type"":""MultiPoint"",""coordinates"":[]}"
231,0.023989456111465034,2.2849080149292457E8,264.33266886065337,2019-04,4.0,2019.0,"[{zone_id=1, sum=0.3209725597559341}, {zone_id=2, sum=26.79903901386603}, {zone_id=3, sum=202.8635000493546}, {zone_id=4, sum=101.91904486652467}]","{""type"":""MultiPoint"",""coordinates"":[]}"
232,0.034394482279077584,3.3979616236202824E8,267.9799870158045,2019-05,5.0,2019.0,"[{zone_id=1, sum=0.0}, {zone_id=2, sum=1.3915736133715522}, {zone_id=3, sum=85.86059988581708}, {zone_id=4, sum=96.12393595263262}]","{""type"":""MultiPoint"",""coordinates"":[]}"
233,0.05317269615243064,2.922090776875E8,272.6749818034142,2019-06,6.0,2019.0,"[{zone_id=1, sum=0.02446640625}, {zone_id=2, sum=0.7090426682767527}, {zone_id=3, sum=48.35778640451815}, {zone_id=4, sum=85.69082353004157}]","{""type"":""MultiPoint"",""coordinates"":[]}"
234,0.2713259279554062,1.9316669858726412E8,273.85082892884003,2019-07,7.0,2019.0,"[{zone_id=1, sum=0.0}, {zone_id=2, sum=2.769477758565835}, {zone_id=3, sum=35.03329644840247}, {zone_id=4, sum=72.82543718296856}]","{""type"":""MultiPoint"",""coordinates"":[]}"
235,0.11001381468289019,2.4460580070400935E8,274.10298843523094,2019-08,8.0,2019.0,"[{zone_id=1, sum=0.0}, {zone_id=2, sum=5.386884753847691}, {zone_id=3, sum=58.497646789148284}, {zone_id=4, sum=85.14253661574281}]","{""type"":""MultiPoint"",""coordinates"":[]}"
236,0.16898342918918938,1.7086118733778006E8,272.5464758431137,2019-09,9.0,2019.0,"[{zone_id=1, sum=0.12831312005889162}, {zone_id=2, sum=2.7073738872668187}, {zone_id=3, sum=69.15978312103898}, {zone_id=4, sum=83.47563052288541}]","{""type"":""MultiPoint"",""coordinates"":[]}"
237,0.02104853846329713,2.3630378147445276E8,267.3941134439083,2019-10,10.0,2019.0,"[{zone_id=1, sum=0.0}, {zone_id=2, sum=2.571114700485985}, {zone_id=3, sum=119.94220012735269}, {zone_id=4, sum=99.61791104965755}]","{""type"":""MultiPoint"",""coordinates"":[]}"
238,0.007441593065142453,2.2134376846108484E8,263.9821932846645,2019-11,11.0,2019.0,"[{zone_id=1, sum=0.0}, {zone_id=2, sum=1.2207149421177095}, {zone_id=3, sum=96.39859366392768}, {zone_id=4, sum=100.85845606803193}]","{""type"":""MultiPoint"",""coordinates"":[]}"
239,0.03396136489769461,1.3448718202712262E8,256.3813336489045,2019-12,12.0,2019.0,"[{zone_id=1, sum=3.694526181242461}, {zone_id=2, sum=45.99092213546033}, {zone_id=3, sum=133.52433046671615}, {zone_id=4, sum=99.60539723370184}]","{""type"":""MultiPoint"",""coordinates"":[]}"
240,0.07481532561294872,9.119799425589623E7,252.5331590327028,2020-01,1.0,2020.0,"[{zone_id=1, sum=10.948102394019172}, {zone_id=2, sum=120.30654434018675}, {zone_id=3, sum=236.0342454694247}, {zone_id=4, sum=98.62666896884943}]","{""type"":""MultiPoint"",""coordinates"":[]}"
241,0.02115867171542229,1.2858877476415095E8,255.82789642923026,2020-02,2.0,2020.0,"[{zone_id=1, sum=3.45082741452864}, {zone_id=2, sum=66.07763425287037}, {zone_id=3, sum=168.97276684307565}, {zone_id=4, sum=96.1002846374225}]","{""type"":""MultiPoint"",""coordinates"":[]}"
242,0.038089251557454996,1.406617562777546E8,257.91605118782286,2020-03,3.0,2020.0,"[{zone_id=1, sum=1.5961238214857432}, {zone_id=2, sum=76.00866887222703}, {zone_id=3, sum=250.48446023468043}, {zone_id=4, sum=100.13911150812743}]","{""type"":""MultiPoint"",""coordinates"":[]}"
243,0.027402199932292377,1.8074985111438674E8,262.9329024968657,2020-04,4.0,2020.0,"[{zone_id=1, sum=0.07282166121961806}, {zone_id=2, sum=24.63641790952752}, {zone_id=3, sum=189.56148509633147}, {zone_id=4, sum=100.43921580634918}]","{""type"":""MultiPoint"",""coordinates"":[]}"
244,0.07099728311634987,2.6014854663207546E8,267.6395299539625,2020-05,5.0,2020.0,"[{zone_id=1, sum=0.05508063671875}, {zone_id=2, sum=10.32000461757807}, {zone_id=3, sum=133.85589685436918}, {zone_id=4, sum=95.58048882066367}]","{""type"":""MultiPoint"",""coordinates"":[]}"
245,0.17600745825323255,2.135386795778302E8,273.0969808918376,2020-06,6.0,2020.0,"[{zone_id=1, sum=0.0}, {zone_id=2, sum=7.406372879195699}, {zone_id=3, sum=86.01143349915829}, {zone_id=4, sum=81.95512573985916}]","{""type"":""MultiPoint"",""coordinates"":[]}"
246,0.34752121114287965,1.4661858147287732E8,274.3360015449671,2020-07,7.0,2020.0,"[{zone_id=1, sum=0.0}, {zone_id=2, sum=1.7616363479419999}, {zone_id=3, sum=53.41572141524693}, {zone_id=4, sum=78.4155014364652}]","{""type"":""MultiPoint"",""coordinates"":[]}"
247,0.1752406944930907,2.2065853488679242E8,274.8359910980831,2020-08,8.0,2020.0,"[{zone_id=1, sum=0.4766400780325507}, {zone_id=2, sum=6.246795426467674}, {zone_id=3, sum=68.0315699245858}, {zone_id=4, sum=88.15636452530312}]","{""type"":""MultiPoint"",""coordinates"":[]}"
248,0.14865816185031946,1.7275746829974937E8,273.3643449375464,2020-09,9.0,2020.0,"[{zone_id=1, sum=0.18659490238970589}, {zone_id=2, sum=3.376250790667548}, {zone_id=3, sum=60.49677102214407}, {zone_id=4, sum=85.9343782015907}]","{""type"":""MultiPoint"",""coordinates"":[]}"
249,0.011825389436953234,2.3414311813195828E8,269.80850697705273,2020-10,10.0,2020.0,"[{zone_id=1, sum=0.0}, {zone_id=2, sum=0.2458719306903341}, {zone_id=3, sum=69.17112492364632}, {zone_id=4, sum=96.7014648918128}]","{""type"":""MultiPoint"",""coordinates"":[]}"
250,0.013314189842491967,2.158050435542453E8,262.2007558838626,2020-11,11.0,2020.0,"[{zone_id=1, sum=0.0}, {zone_id=2, sum=0.5724103570908858}, {zone_id=3, sum=62.838882872948744}, {zone_id=4, sum=93.40771645516875}]","{""type"":""MultiPoint"",""coordinates"":[]}"
251,0.01249541418842841,2.0317465352476412E8,260.1626364568059,2020-12,12.0,2020.0,"[{zone_id=1, sum=0.0}, {zone_id=2, sum=0.26857639949566364}, {zone_id=3, sum=57.06297098359256}, {zone_id=4, sum=90.77592762279374}]","{""type"":""MultiPoint"",""coordinates"":[]}"
252,0.01706068057237451,2.0821637371108493E8,260.651119994498,2021-01,1.0,2021.0,"[{zone_id=1, sum=0.053377704828595315}, {zone_id=2, sum=2.22787706795059}, {zone_id=3, sum=63.708180964541114}, {zone_id=4, sum=88.72490845622832}]","{""type"":""MultiPoint"",""coordinates"":[]}"
253,0.018094014970458393,2.1612640400471693E8,259.3437123255802,2021-02,2.0,2021.0,"[{zone_id=1, sum=0.39679027008858186}, {zone_id=2, sum=19.052546387633992}, {zone_id=3, sum=96.21018114749064}, {zone_id=4, sum=92.21273907713342}]","{""type"":""MultiPoint"",""coordinates"":[]}"
254,0.02589215959715045,2.882470954466334E8,262.46283920630157,2021-03,3.0,2021.0,"[{zone_id=1, sum=0.2961467035129047}, {zone_id=2, sum=13.482116918829698}, {zone_id=3, sum=96.55718949583668}, {zone_id=4, sum=92.99602542948548}]","{""type"":""MultiPoint"",""coordinates"":[]}"
255,0.035318927468325136,3.0396969988443387E8,262.72463688240606,2021-04,4.0,2021.0,"[{zone_id=1, sum=0.9014064984952351}, {zone_id=2, sum=22.603721090120853}, {zone_id=3, sum=125.24859997827132}, {zone_id=4, sum=95.26140500958365}]","{""type"":""MultiPoint"",""coordinates"":[]}"
256,0.16762803356266848,2.4438688924528298E8,268.8038969595211,2021-05,5.0,2021.0,"[{zone_id=1, sum=0.0}, {zone_id=2, sum=12.119555809043037}, {zone_id=3, sum=153.64853580624583}, {zone_id=4, sum=93.99602968758477}]","{""type"":""MultiPoint"",""coordinates"":[]}"
257,0.13577470442137407,2.261819286863207E8,273.2879394159377,2021-06,6.0,2021.0,"[{zone_id=1, sum=0.0}, {zone_id=2, sum=3.9247314304257723}, {zone_id=3, sum=85.11490521111985}, {zone_id=4, sum=82.05631105532096}]","{""type"":""MultiPoint"",""coordinates"":[]}"
258,0.2631403478845064,1.744624943643868E8,274.5579602981972,2021-07,7.0,2021.0,"[{zone_id=1, sum=0.4066150964778099}, {zone_id=2, sum=3.751038696148}, {zone_id=3, sum=74.32970839044351}, {zone_id=4, sum=82.15191600367902}]","{""type"":""MultiPoint"",""coordinates"":[]}"
259,0.27102914955579044,1.6885684679363203E8,274.407690089623,2021-08,8.0,2021.0,"[{zone_id=1, sum=0.0692992430637255}, {zone_id=2, sum=6.874018212151608}, {zone_id=3, sum=59.738682339298556}, {zone_id=4, sum=81.74892804582528}]","{""type"":""MultiPoint"",""coordinates"":[]}"
260,0.12393070114956974,1.8135341230999407E8,272.545959303514,2021-09,9.0,2021.0,"[{zone_id=1, sum=0.0}, {zone_id=2, sum=2.74223530487952}, {zone_id=3, sum=81.15948260788241}, {zone_id=4, sum=92.02703721427034}]","{""type"":""MultiPoint"",""coordinates"":[]}"
261,0.1015889366682021,1.888377168739635E8,268.9498222522887,2021-10,10.0,2021.0,"[{zone_id=1, sum=0.15623129431189192}, {zone_id=2, sum=22.874829608005673}, {zone_id=3, sum=179.01822126634426}, {zone_id=4, sum=99.36686099661785}]","{""type"":""MultiPoint"",""coordinates"":[]}"
262,0.006201660329997322,2.0424768325825468E8,264.1167195941917,2021-11,11.0,2021.0,"[{zone_id=1, sum=0.009179735026041667}, {zone_id=2, sum=5.3464754955778835}, {zone_id=3, sum=130.97151390340773}, {zone_id=4, sum=101.04810958021056}]","{""type"":""MultiPoint"",""coordinates"":[]}"
263,0.04215821116519979,1.837813413808962E8,258.459990023309,2021-12,12.0,2021.0,"[{zone_id=1, sum=1.5238508533196515}, {zone_id=2, sum=10.84010041675951}, {zone_id=3, sum=103.62013380703576}, {zone_id=4, sum=96.09601756884197}]","{""type"":""MultiPoint"",""coordinates"":[]}"
264,0.017041859611821537,1.0409350794457549E8,253.56807924589106,2022-01,1.0,2022.0,"[{zone_id=1, sum=9.198752366860948}, {zone_id=2, sum=124.63888403736897}, {zone_id=3, sum=283.2372213382695}, {zone_id=4, sum=101.82448698998502}]","{""type"":""MultiPoint"",""coordinates"":[]}"
265,0.031062146554708656,1.1691472052358489E8,253.13871350935312,2022-02,2.0,2022.0,"[{zone_id=1, sum=7.78847113279236}, {zone_id=2, sum=88.39704509904658}, {zone_id=3, sum=200.2158624490375}, {zone_id=4, sum=95.3579770273193}]","{""type"":""MultiPoint"",""coordinates"":[]}"
266,0.012898886507574892,2.3766041052490696E8,263.9458782171279,2022-03,3.0,2022.0,"[{zone_id=1, sum=0.7928367731834537}, {zone_id=2, sum=21.002788605520013}, {zone_id=3, sum=110.76456204940362}, {zone_id=4, sum=97.15158256724905}]","{""type"":""MultiPoint"",""coordinates"":[]}"
267,0.03519371923066485,3.0131416849174523E8,267.51626358072207,2022-04,4.0,2022.0,"[{zone_id=1, sum=0.0}, {zone_id=2, sum=0.8225816117602007}, {zone_id=3, sum=74.02661159096108}, {zone_id=4, sum=94.71373670305645}]","{""type"":""MultiPoint"",""coordinates"":[]}"
268,0.07770096152850421,2.701876219492925E8,270.054117332005,2022-05,5.0,2022.0,"[{zone_id=1, sum=3.138040009748029}, {zone_id=2, sum=9.984767150874942}, {zone_id=3, sum=70.36871533121459}, {zone_id=4, sum=87.16912334548167}]","{""type"":""MultiPoint"",""coordinates"":[]}"
269,0.16538319866935322,2.2125142193632078E8,273.34944544258354,2022-06,6.0,2022.0,"[{zone_id=1, sum=0.0}, {zone_id=2, sum=1.1422950860066856}, {zone_id=3, sum=41.148853014267615}, {zone_id=4, sum=78.15634967340331}]","{""type"":""MultiPoint"",""coordinates"":[]}"
270,0.19125471200061886,2.2177166641745278E8,274.4345415722504,2022-07,7.0,2022.0,"[{zone_id=1, sum=0.19777985701895762}, {zone_id=2, sum=2.361574125006905}, {zone_id=3, sum=68.35370004239621}, {zone_id=4, sum=90.08995001157506}]","{""type"":""MultiPoint"",""coordinates"":[]}"
271,0.13395441437661776,2.3152818299764153E8,274.4315569849182,2022-08,8.0,2022.0,"[{zone_id=1, sum=0.020023647727272727}, {zone_id=2, sum=0.7249831798996952}, {zone_id=3, sum=57.37584163271216}, {zone_id=4, sum=83.57164208525633}]","{""type"":""MultiPoint"",""coordinates"":[]}"
272,0.10147679860820431,2.0647236638620278E8,272.56072860373894,2022-09,9.0,2022.0,"[{zone_id=1, sum=0.10011978004807694}, {zone_id=2, sum=7.50448594708013}, {zone_id=3, sum=84.49298590300461}, {zone_id=4, sum=86.61666967646421}]","{""type"":""MultiPoint"",""coordinates"":[]}"
273,0.06078619309146253,2.1907779003567675E8,266.898850763901,2022-10,10.0,2022.0,"[{zone_id=1, sum=0.3100480093763617}, {zone_id=2, sum=8.087958020383466}, {zone_id=3, sum=110.67731636464306}, {zone_id=4, sum=93.68074139883109}]","{""type"":""MultiPoint"",""coordinates"":[]}"
274,0.006268651210442635,2.2234132924056605E8,263.290247101054,2022-11,11.0,2022.0,"[{zone_id=1, sum=0.0}, {zone_id=2, sum=1.5563448315327435}, {zone_id=3, sum=90.67847667878232}, {zone_id=4, sum=100.40002666117584}]","{""type"":""MultiPoint"",""coordinates"":[]}"
275,0.004405473253078131,2.1103066672287735E8,261.39279661606184,2022-12,12.0,2022.0,"[{zone_id=1, sum=0.0}, {zone_id=2, sum=1.042226306389485}, {zone_id=3, sum=75.24735188166582}, {zone_id=4, sum=97.02965858736988}]","{""type"":""MultiPoint"",""coordinates"":[]}"
276,0.009471909484496098,2.2120120960613206E8,258.7203128259016,2023-01,1.0,2023.0,"[{zone_id=1, sum=0.0}, {zone_id=2, sum=0.363104188836583}, {zone_id=3, sum=66.95875137331977}, {zone_id=4, sum=92.68458992038555}]","{""type"":""MultiPoint"",""coordinates"":[]}"
277,0.009951414454658594,2.2412774587617922E8,260.65668870003924,2023-02,2.0,2023.0,"[{zone_id=1, sum=0.0}, {zone_id=2, sum=0.1843365897872407}, {zone_id=3, sum=62.95006436257503}, {zone_id=4, sum=89.69720620294486}]","{""type"":""MultiPoint"",""coordinates"":[]}"
278,0.03764686065474902,2.6303193252359876E8,260.13298458703804,2023-03,3.0,2023.0,"[{zone_id=1, sum=1.1952027975008135}, {zone_id=2, sum=29.019703381560973}, {zone_id=3, sum=178.7877734031912}, {zone_id=4, sum=99.96438425912012}]","{""type"":""MultiPoint"",""coordinates"":[]}"
279,0.03081052483393721,3.089847171603773E8,262.85044578536247,2023-04,4.0,2023.0,"[{zone_id=1, sum=1.083866390700487}, {zone_id=2, sum=39.87933285251175}, {zone_id=3, sum=193.99153643300426}, {zone_id=4, sum=100.98596851664817}]","{""type"":""MultiPoint"",""coordinates"":[]}"
280,0.05115599330993924,3.085535267570754E8,266.372485238027,2023-05,5.0,2023.0,"[{zone_id=1, sum=0.30946616807874466}, {zone_id=2, sum=21.75969227783436}, {zone_id=3, sum=157.1990322059922}, {zone_id=4, sum=100.47834936523435}]","{""type"":""MultiPoint"",""coordinates"":[]}"
281,0.08174029214152363,2.87488875245283E8,272.4966007176685,2023-06,6.0,2023.0,"[{zone_id=1, sum=0.009217597385620915}, {zone_id=2, sum=1.6775471168536116}, {zone_id=3, sum=54.12987982602528}, {zone_id=4, sum=85.28827590835394}]","{""type"":""MultiPoint"",""coordinates"":[]}"
282,0.17529969584073,2.0612246961792454E8,274.8604369365702,2023-07,7.0,2023.0,"[{zone_id=1, sum=4.3091512888600585}, {zone_id=2, sum=16.409951918663086}, {zone_id=3, sum=53.89466645015514}, {zone_id=4, sum=78.20092574798204}]","{""type"":""MultiPoint"",""coordinates"":[]}"
283,0.23620773837718395,1.8112324714976412E8,274.74460792077144,2023-08,8.0,2023.0,"[{zone_id=1, sum=0.0}, {zone_id=2, sum=0.9678249253517317}, {zone_id=3, sum=31.468517650576228}, {zone_id=4, sum=76.1830335882897}]","{""type"":""MultiPoint"",""coordinates"":[]}"
284,0.08646176594845761,2.2741615661910376E8,272.8628872997356,2023-09,9.0,2023.0,"[{zone_id=1, sum=0.38426911612145415}, {zone_id=2, sum=0.5500398824202498}, {zone_id=3, sum=48.66440775151128}, {zone_id=4, sum=88.82103692050495}]","{""type"":""MultiPoint"",""coordinates"":[]}"
285,0.049485697763594294,2.1994934056764078E8,267.261831210433,2023-10,10.0,2023.0,"[{zone_id=1, sum=0.0}, {zone_id=2, sum=0.7238478055038962}, {zone_id=3, sum=74.52819631392444}, {zone_id=4, sum=95.897946629536}]","{""type"":""MultiPoint"",""coordinates"":[]}"
286,0.012720735512376145,2.0520228587853768E8,263.2020194379539,2023-11,11.0,2023.0,"[{zone_id=1, sum=0.0084736015625}, {zone_id=2, sum=0.4817839802328827}, {zone_id=3, sum=63.621913729544794}, {zone_id=4, sum=95.56156147043046}]","{""type"":""MultiPoint"",""coordinates"":[]}"
287,0.013914720729149246,1.9040463602004713E8,260.1317990098529,2023-12,12.0,2023.0,"[{zone_id=1, sum=0.0}, {zone_id=2, sum=4.350759016745587}, {zone_id=3, sum=81.09048281714797}, {zone_id=4, sum=95.46913165779783}]","{""type"":""MultiPoint"",""coordinates"":[]}"
288,0.0080778637858618,2.1261810433254716E8,256.73926661284946,2024-01,1.0,2024.0,"[{zone_id=1, sum=0.048262868807739445}, {zone_id=2, sum=2.9383608965175627}, {zone_id=3, sum=55.93658878875205}, {zone_id=4, sum=90.97910872178588}]","{""type"":""MultiPoint"",""coordinates"":[]}"
289,0.025153871691376794,2.1776977627830186E8,257.46452337995936,2024-02,2.0,2024.0,"[{zone_id=1, sum=0.06451176276498538}, {zone_id=2, sum=12.688420911747459}, {zone_id=3, sum=92.66853157590845}, {zone_id=4, sum=91.15964360783471}]","{""type"":""MultiPoint"",""coordinates"":[]}"
290,0.03960856066228824,2.5032090817857265E8,260.40078893620097,2024-03,3.0,2024.0,"[{zone_id=1, sum=0.9096741423965793}, {zone_id=2, sum=24.167879150202054}, {zone_id=3, sum=133.9260017006239}, {zone_id=4, sum=95.38154178421613}]","{""type"":""MultiPoint"",""coordinates"":[]}"
291,0.030789258104156846,3.153315417264151E8,265.6277150260077,2024-04,4.0,2024.0,"[{zone_id=1, sum=0.0}, {zone_id=2, sum=1.5104430606827854}, {zone_id=3, sum=73.4140308335147}, {zone_id=4, sum=96.46840151166285}]","{""type"":""MultiPoint"",""coordinates"":[]}"
292,0.08716637835537007,2.736856847558962E8,270.02331964411917,2024-05,5.0,2024.0,"[{zone_id=1, sum=0.0}, {zone_id=2, sum=1.9622020781084315}, {zone_id=3, sum=65.13325972722323}, {zone_id=4, sum=90.7511476867453}]","{""type"":""MultiPoint"",""coordinates"":[]}"
293,0.14858208768035625,2.461226818738207E8,274.6741727433115,2024-06,6.0,2024.0,"[{zone_id=1, sum=0.015727765625}, {zone_id=2, sum=1.224950685015074}, {zone_id=3, sum=31.486195481537223}, {zone_id=4, sum=79.6182264398889}]","{""type"":""MultiPoint"",""coordinates"":[]}"
294,0.3476250284572063,1.723116605919811E8,275.61722605444635,2024-07,7.0,2024.0,"[{zone_id=1, sum=1.2341025639246324}, {zone_id=2, sum=2.284482859096748}, {zone_id=3, sum=30.711258343181225}, {zone_id=4, sum=65.08093721723468}]","{""type"":""MultiPoint"",""coordinates"":[]}"
295,0.21091104813622388,2.094665622264151E8,274.6063482675767,2024-08,8.0,2024.0,"[{zone_id=1, sum=0.0}, {zone_id=2, sum=1.7003036971296817}, {zone_id=3, sum=56.12950343695723}, {zone_id=4, sum=84.15948637198585}]","{""type"":""MultiPoint"",""coordinates"":[]}"
296,0.24967588419416276,1.8084712197501475E8,273.5788575150431,2024-09,9.0,2024.0,"[{zone_id=1, sum=0.016947888221153846}, {zone_id=2, sum=15.47067067870193}, {zone_id=3, sum=89.1482814738676}, {zone_id=4, sum=87.5048584882877}]","{""type"":""MultiPoint"",""coordinates"":[]}"
297,0.038818104788287996,2.0497505839341503E8,267.9156921995801,2024-10,10.0,2024.0,"[{zone_id=1, sum=0.0}, {zone_id=2, sum=25.396425559963134}, {zone_id=3, sum=199.96499305428307}, {zone_id=4, sum=101.20460436228498}]","{""type"":""MultiPoint"",""coordinates"":[]}"
298,0.01490070230065982,2.0039220732075468E8,263.9728918951262,2024-11,11.0,2024.0,"[{zone_id=1, sum=0.05167374801753394}, {zone_id=2, sum=6.899379405490921}, {zone_id=3, sum=99.83215504565976}, {zone_id=4, sum=95.49676480257102}]","{""type"":""MultiPoint"",""coordinates"":[]}"
299,0.021487118073415534,1.966345474304245E8,260.58005166126327,2024-12,12.0,2024.0,"[{zone_id=1, sum=0.046508052734375006}, {zone_id=2, sum=13.27346641369335}, {zone_id=3, sum=84.88726532160493}, {zone_id=4, sum=90.13838235456623}]","{""type"":""MultiPoint"",""coordinates"":[]}"
300,0.008346368685041562,2.0214340449056607E8,259.46364575357217,2025-01,1.0,2025.0,"[{zone_id=1, sum=0.010012229403409092}, {zone_id=2, sum=6.95451365458134}, {zone_id=3, sum=76.42362507354862}, {zone_id=4, sum=87.23789864008316}]","{""type"":""MultiPoint"",""coordinates"":[]}"
301,0.02176824595006513,2.2167591016863212E8,260.03003018500027,2025-02,2.0,2025.0,"[{zone_id=1, sum=0.3520041905438835}, {zone_id=2, sum=9.766680032586978}, {zone_id=3, sum=79.26685793340802}, {zone_id=4, sum=88.24219760998656}]","{""type"":""MultiPoint"",""coordinates"":[]}"
302,0.02470644400886665,2.823174733977373E8,262.88384988405176,2025-03,3.0,2025.0,"[{zone_id=1, sum=0.01101345234375}, {zone_id=2, sum=14.068397225075916}, {zone_id=3, sum=95.53665344936505}, {zone_id=4, sum=94.37825639203078}]","{""type"":""MultiPoint"",""coordinates"":[]}"
303,0.05933983676830411,2.642216946049528E8,265.4298247511282,2025-04,4.0,2025.0,"[{zone_id=1, sum=0.012237169270833334}, {zone_id=2, sum=9.122009771937277}, {zone_id=3, sum=129.3616650309316}, {zone_id=4, sum=98.91322102914464}]","{""type"":""MultiPoint"",""coordinates"":[]}"
304,0.08849027831765421,2.72346951173349E8,270.23730489646084,2025-05,5.0,2025.0,"[{zone_id=1, sum=0.0}, {zone_id=2, sum=4.671228061092102}, {zone_id=3, sum=96.24335760787261}, {zone_id=4, sum=95.93733286030358}]","{""type"":""MultiPoint"",""coordinates"":[]}"
305,0.1662127241581888,2.2749066439976412E8,273.46088371876647,2025-06,6.0,2025.0,"[{zone_id=1, sum=0.0}, {zone_id=2, sum=1.0844927133477649}, {zone_id=3, sum=60.7134532406452}, {zone_id=4, sum=89.9658728147189}]","{""type"":""MultiPoint"",""coordinates"":[]}"
306,0.18667671256020138,2.2505801186792454E8,275.353044287383,2025-07,7.0,2025.0,"[{zone_id=1, sum=0.0}, {zone_id=2, sum=1.261440741320369}, {zone_id=3, sum=44.37535354696628}, {zone_id=4, sum=81.71061411609034}]","{""type"":""MultiPoint"",""coordinates"":[]}"
307,0.2381112193631791,1.953032782323113E8,274.9541348832498,2025-08,8.0,2025.0,"[{zone_id=1, sum=0.0}, {zone_id=2, sum=0.9419297350919253}, {zone_id=3, sum=44.618162550087135}, {zone_id=4, sum=82.80114259295537}]","{""type"":""MultiPoint"",""coordinates"":[]}"
308,0.12755698371230642,1.830232316722435E8,273.6710989666185,2025-09,9.0,2025.0,"[{zone_id=1, sum=0.2627263117582071}, {zone_id=2, sum=4.147402136637814}, {zone_id=3, sum=89.6522366951601}, {zone_id=4, sum=94.64848807106027}]","{""type"":""MultiPoint"",""coordinates"":[]}"
309,0.18629245737709832,1.6640800824399322E8,267.2967334324749,2025-10,10.0,2025.0,"[{zone_id=1, sum=0.19323970781367095}, {zone_id=2, sum=108.29792417601476}, {zone_id=3, sum=356.95134757626306}, {zone_id=4, sum=102.03625966306788}]","{""type"":""MultiPoint"",""coordinates"":[]}"
310,0.005286237158752647,1.474033084846698E8,261.7207041562478,2025-11,11.0,2025.0,"[{zone_id=1, sum=0.03317878682501826}, {zone_id=2, sum=82.41510580686126}, {zone_id=3, sum=334.7701729350993}, {zone_id=4, sum=103.7837744654378}]","{""type"":""MultiPoint"",""coordinates"":[]}"
311,0.002458136829760268,1.924859105966981E8,261.13443690358224,2025-12,12.0,2025.0,"[{zone_id=1, sum=0.18072257213388332}, {zone_id=2, sum=28.026165553879917}, {zone_id=3, sum=219.95271411517186}, {zone_id=4, sum=100.42198248227271}]","{""type"":""MultiPoint"",""coordinates"":[]}"
